10 37 16
15 9 9
7 0 0
x
4 99 11
5 24 0
x
8 92 0
12 92 1
x
7 79 33
15 49 43
x
13 37 34
6 94 21
14 82 39
2 72 22
15 57 3
4 0 19
5 91 1
7 57 4
x
x
6 8 22
13 20 28
12 90 23
x
x
5 28 5
2 47 4
15 52 25
0 14 14
4 13 18
3 5 43
1 49 1
15 84 42
x
11 62 21
9 5 26
x
9 8 29
1 10 34
15 55 11
3 9 16
6 99 23
13 40 37
12 37 11
5 99 25
9 95 20
1 86 44
6 0 2
4 69 37
12 24 35
3 13 25
4 70 2
15 81 41
14 40 19
0 52 3
7 2 2
2 62 3
6 27 35
13 54 1
13 98 39
15 98 24
9 36 36
13 43 18
1 51 3
14 84 12
x
8 94 4
14 89 17
x
15 5 10
x
x
11 99 32
9 12 22
2 56 24
0 48 8
9 75 30
14 92 0
3 73 14
3 78 20
2 21 2
15 26 26
x
1 55 4
x
9 43 9
1 0 24
14 52 16
2 57 36
11 33 22
8 26 44
12 26 36
1 95 41
x
9 64 41
0 35 14
11 71 31
7 83 37
15 88 40
8 58 37
13 47 17
x
4 45 5
7 62 36
10 49 29
3 34 24
2 74 25
1 15 37
x
14 57 37
6 49 15
1 5 25
3 15 4
8 82 20
4 73 34
x
7 35 38
5 32 21
x
15 32 35
2 91 37
5 45 39
7 60 40
12 27 38
3 82 10
4 64 26
6 54 44
x
9 73 44
12 0 5
6 60 38
7 3 5
6 76 6
1 58 6
6 4 7
x
11 75 41
10 83 18
10 52 43
3 58 32
x
13 49 20
8 12 42
13 0 12
8 97 21
13 4 28
7 64 1
3 50 18
9 79 7
x
2 67 7
8 72 26
15 62 31
x
10 15 42
8 31 32
15 90 30
10 0 17
12 42 2
3 65 28
2 23 8
7 30 39
7 85 29
9 16 32
5 82 19
8 63 39
15 99 37
9 18 40
0 78 27
1 97 35
8 69 13
x
x
11 41 2
15 30 11
13 79 44
7 89 3
14 69 26
7 16 26
5 59 4
2 58 40
7 21 27
14 45 10
3 87 15
12 47 28
6 62 26
x
0 38 13
14 95 42
3 17 38
11 0 6
10 94 1
0 19 18
14 50 32
14 74 44
6 34 40
13 63 13
11 64 42
6 38 41
9 82 24
9 66 31
3 89 44
0 22 40
15 28 4
15 14 5
6 74 25
2 29 33
4 78 17
x
x
x
x
2 96 31
2 98 1
9 45 5
x
7 5 8
11 92 27
14 3 7
1 40 8
x
0 41 19
12 83 4
11 4 24
x
11 6 16
7 32 41
x
9 41 34
2 49 9
11 10 8
8 96 19
x
7 40 42
x
1 67 20
4 79 38
0 45 37
6 42 42
x
5 73 17
5 63 25
8 16 7
14 58 27
0 57 24
13 67 3
3 38 42
7 44 43
6 13 27
13 84 0
13 70 27
6 32 43
0 99 2
10 55 20
2 8 14
x
x
11 52 4
7 69 15
15 93 6
x
11 12 5
0 43 20
0 62 11
8 19 11
2 13 38
15 66 22
9 22 37
0 50 23
x
10 2 14
12 96 9
15 68 2
0 72 1
x
4 26 43
2 70 10
11 14 39
12 28 44
7 49 44
9 70 1
x
6 6 10
8 66 36
x
x
6 73 13
7 8 11
12 51 29
1 72 30
13 28 30
9 90 32
6 79 11
4 41 31
12 65 43
x
11 94 1
1 99 31
x
8 43 5
x
8 22 22
6 65 4
5 50 33
12 72 6
3 95 8
10 18 31
5 39 38
3 93 13
1 89 32
15 71 37
11 79 19
6 84 12
11 56 13
x
10 59 2
x
5 93 41
1 44 12
4 49 42
x
10 4 11
7 24 28
10 47 32
0 82 21
4 92 1
14 0 11
15 36 19
9 50 6
5 84 43
0 86 38
13 6 32
4 81 10
12 5 13
11 46 9
x
2 0 16
12 52 3
14 28 6
13 86 25
x
10 85 21
x
13 30 15
7 10 13
13 91 33
5 98 44
11 80 23
10 79 1
8 84 14
11 50 14
8 89 28
8 76 29
3 42 33
0 24 22
0 65 5
3 19 17
4 24 24
10 8 15
2 42 19
0 70 32
0 89 31
x
4 4 40
12 56 8
6 59 34
12 58 12
7 94 16
7 11 14
x
2 30 29
1 18 22
10 28 39
7 73 18
14 7 21
4 43 39
10 62 40
12 76 39
7 52 23
15 18 23
2 15 17
6 44 24
9 99 34
1 35 29
4 29 20
x
2 79 27
5 68 36
x
15 74 39
x
14 79 35
x
6 48 31
x
x
15 78 24
x
6 14 30
x
15 41 17
11 96 40
9 54 34
x
13 96 40
10 90 23
2 53 15
1 59 15
9 57 35
8 34 23
x
13 56 41
9 0 12
8 46 27
5 78 18
7 96 12
6 68 0
0 0 9
4 54 15
10 13 3
12 69 24
3 56 41
x
14 97 18
4 15 22
5 5 32
5 89 2
12 62 18
9 28 29
8 99 16
1 47 16
4 34 13
8 0 17
10 67 38
x
13 60 16
14 10 2
2 83 6
x
x
14 30 23
x
1 23 7
3 24 7
x
3 29 9
x
x
14 14 41
1 28 17
11 83 28
13 74 35
15 97 17
6 88 18
13 8 43
8 5 18
x
0 74 29
15 44 44
x
12 29 10
12 80 37
10 24 25
6 56 19
x
x
x
5 0 13
x
x
x
11 65 20
6 72 36
x
x
x
2 17 21
2 18 30
1 76 13
x
12 8 19
8 70 6
10 31 35
1 32 19
14 49 34
11 28 38
8 79 30
3 36 38
x
8 37 24
4 93 41
14 35 36
11 37 7
4 39 8
14 17 28
10 96 19
9 93 8
0 28 42
11 59 36
4 86 4
13 9 4
7 28 31
5 2 16
x
11 23 29
8 50 34
3 53 7
15 29 25
2 2 26
11 86 34
0 5 33
10 92 6
5 80 35
x
10 72 0
2 33 13
2 86 35
1 62 36
8 39 43
12 15 31
3 0 8
7 33 35
0 30 6
1 24 39
4 87 37
14 99 22
11 91 3
13 75 6
13 13 1
1 79 27
x
1 26 3
10 40 30
10 21 27
0 92 12
2 6 34
4 90 1
11 31 25
10 44 10
13 77 19
x
x
13 25 10
x
x
5 71 12
12 30 42
x
x
7 29 32
2 37 41
7 76 10
x
9 98 18
4 8 16
6 19 32
11 18 44
12 87 32
15 23 31
10 77 33
x
x
6 24 33
1 91 0
5 10 31
x
11 40 37
14 22 14
5 37 19
1 83 10
0 95 0
15 0 8
8 53 38
14 64 1
x
9 61 23
x
3 61 18
x
x
5 15 7
2 43 43
4 20 28
12 16 33
11 68 0
9 32 15
x
x
3 67 21
13 33 7
13 26 0
0 11 28
x
3 47 13
0 32 26
8 9 9
x
14 26 13
1 93 9
12 20 34
13 15 30
x
12 11 20
9 24 39
6 91 20
9 87 11
11 19 10
12 33 16
4 59 36
2 26 11
4 96 11
x
12 13 21
x
x
x
5 20 23
x
6 57 17
4 91 17
1 25 28
5 55 40
