11 62 22
13 68 32
3 95 0
x
x
4 0 10
x
3 97 0
3 44 0
x
11 9 19
2 57 37
x
6 44 29
10 72 3
9 40 25
3 34 1
2 26 37
9 55 23
8 54 8
4 45 10
x
x
10 77 3
2 31 37
3 71 2
x
x
4 4 10
9 22 27
2 74 37
13 73 32
9 20 25
7 67 40
3 67 0
14 6 30
x
15 1 34
7 58 40
x
7 71 40
5 84 7
2 60 38
7 75 40
3 99 2
6 47 29
4 8 10
x
13 51 32
0 78 14
3 79 0
6 74 30
8 6 6
7 32 40
13 28 32
7 40 40
14 84 30
6 0 26
3 65 0
10 83 1
5 5 7
12 94 28
14 50 31
14 26 31
2 36 37
14 10 30
3 19 0
6 76 27
x
3 69 0
12 46 26
x
12 49 26
x
x
0 41 20
7 79 40
3 56 2
11 64 22
13 88 32
12 52 26
x
7 83 40
0 38 17
15 3 34
x
3 22 0
x
15 54 36
8 92 3
15 48 34
3 93 4
9 59 23
11 52 19
10 16 5
1 25 17
x
x
2 77 37
0 26 14
1 59 18
6 96 29
5 10 7
14 99 31
x
11 13 19
4 38 13
13 31 32
x
8 84 4
8 9 6
x
15 82 35
4 88 10
8 0 4
7 42 40
8 55 8
13 0 32
x
5 15 7
4 93 10
x
15 21 34
0 0 10
0 5 11
5 35 9
10 47 5
x
14 89 30
5 89 9
x
14 62 32
10 88 1
1 36 18
3 58 0
3 25 0
3 36 0
3 50 0
x
0 81 14
9 71 22
13 34 32
2 80 37
x
6 81 27
0 30 14
15 25 34
4 22 15
15 5 34
1 0 15
2 49 36
13 37 32
x
3 28 0
10 52 3
2 6 37
x
14 52 31
1 87 18
6 50 29
6 98 29
0 52 11
x
1 90 18
8 63 6
11 79 19
7 44 40
2 72 39
8 12 6
14 0 31
7 87 40
14 14 30
1 67 18
8 56 8
x
x
6 86 27
2 46 39
14 28 30
11 57 19
12 0 24
8 72 4
0 34 14
8 15 6
10 44 3
14 18 30
7 46 40
4 12 10
1 93 18
x
2 51 37
12 92 25
2 47 39
1 49 14
14 1 31
13 40 32
14 54 31
12 5 24
8 30 6
13 92 32
13 54 33
8 34 6
13 5 32
12 67 26
7 91 40
14 56 31
13 25 33
13 96 32
12 90 28
1 99 21
14 94 31
x
x
x
7 48 40
5 97 9
5 0 9
2 41 37
x
3 31 0
1 69 18
11 83 19
3 83 0
x
7 99 40
9 0 23
4 20 13
x
1 55 15
10 22 5
x
15 7 36
3 87 0
0 48 13
5 2 11
x
8 38 6
x
0 57 11
14 58 31
12 35 26
8 65 6
x
9 66 19
1 5 15
0 84 14
7 0 37
6 91 27
13 43 32
2 10 37
5 20 7
3 47 2
6 34 29
13 56 32
10 93 5
2 98 39
15 32 34
1 10 15
x
x
14 22 30
1 40 15
14 64 30
x
0 43 14
9 85 23
12 55 26
0 87 14
0 45 14
2 53 37
2 99 39
11 77 24
x
6 36 29
10 96 0
2 83 37
7 30 39
x
9 73 25
3 60 0
0 90 14
10 94 5
8 18 6
6 53 29
x
3 51 0
8 21 6
x
x
1 38 21
3 62 0
5 43 8
4 16 10
12 37 26
6 56 29
10 24 1
9 87 23
1 44 15
x
1 71 18
x
x
9 37 23
7 50 40
1 28 15
1 96 18
0 62 11
11 87 19
13 10 32
11 18 18
5 25 7
x
0 67 14
2 86 37
5 99 12
10 18 1
6 59 29
x
15 94 34
x
5 30 7
3 0 0
9 90 20
x
14 68 30
10 56 3
1 53 21
14 72 30
13 26 33
1 73 18
15 57 34
2 14 37
5 45 7
6 62 29
15 84 34
13 15 32
3 3 0
12 71 26
7 61 40
4 41 9
4 64 10
12 39 26
14 33 30
x
12 10 24
x
12 58 26
3 53 0
14 38 30
10 37 5
0 93 14
2 89 37
10 29 1
12 42 26
10 34 2
10 10 3
7 5 38
13 60 32
6 8 27
7 10 38
9 29 23
14 43 30
9 63 25
12 44 26
6 65 29
7 52 40
9 4 23
4 24 10
5 91 12
4 68 10
1 75 18
10 0 1
x
9 43 23
5 50 7
12 61 26
0 96 14
11 21 19
12 87 28
15 62 34
11 91 19
5 55 7
13 20 32
0 69 14
8 42 6
x
10 60 3
1 15 15
x
8 46 6
0 11 14
x
2 18 37
x
9 46 23
x
10 38 5
7 95 40
x
2 92 37
x
8 77 4
x
15 97 34
11 24 19
2 95 37
x
6 38 29
9 31 23
3 6 0
3 38 0
2 22 37
11 68 19
x
14 76 30
7 15 38
9 8 23
1 77 18
11 95 19
11 28 19
9 95 20
9 75 20
6 40 29
0 14 14
15 29 36
x
9 64 25
6 13 27
5 60 7
8 67 6
4 48 10
15 36 34
3 54 0
3 55 0
1 20 15
10 5 1
15 67 34
x
6 68 29
11 32 19
8 24 6
x
x
6 18 27
x
8 82 5
7 20 38
x
7 25 38
x
x
11 71 19
10 40 1
0 17 14
14 95 31
12 88 28
3 9 0
13 46 33
3 12 0
x
12 75 26
15 72 34
7 54 40
8 97 6
11 74 19
9 12 23
5 80 9
x
x
x
8 69 6
x
x
x
15 30 36
4 99 16
x
x
x
5 37 12
0 20 14
4 51 10
x
3 15 0
5 81 9
6 23 27
3 73 0
6 6 28
11 0 19
10 13 3
x
x
1 79 18
15 9 34
6 28 27
9 49 23
4 26 12
9 80 20
1 32 15
6 42 29
15 86 34
13 79 32
14 96 31
15 40 34
3 48 2
8 99 6
x
4 72 10
9 52 23
15 12 34
13 47 33
4 76 10
1 62 15
12 15 24
9 33 23
1 81 18
x
15 77 34
9 16 23
5 65 7
5 70 7
11 36 19
3 91 2
7 35 38
4 43 13
15 88 34
8 89 6
13 82 32
0 99 16
4 98 13
14 60 31
15 90 34
4 80 10
x
x
11 40 19
1 83 18
6 71 29
4 34 10
14 97 31
1 85 18
11 3 19
14 48 31
x
7 56 40
15 53 36
x
x
0 71 14
8 27 6
x
x
3 92 2
12 20 24
0 23 14
x
15 0 33
12 25 24
8 58 4
8 90 6
9 35 23
13 85 32
15 92 34
x
x
10 49 3
0 74 14
5 75 7
x
11 99 21
11 44 19
5 82 9
4 54 10
14 80 30
12 30 24
12 96 23
9 24 20
x
2 0 37
x
2 3 37
x
x
4 29 7
12 79 26
12 64 26
10 64 3
4 57 10
15 44 34
x
x
2 62 34
12 83 26
7 31 40
14 3 29
x
2 55 37
15 15 34
4 60 10
x
0 50 17
0 76 14
10 68 3
2 67 35
x
3 40 0
13 64 32
3 76 0
13 49 31
8 50 6
5 39 6
11 48 19
11 6 19
15 18 34
x
3 42 0
7 64 40
x
x
5 93 7
x
4 36 10
14 49 31
8 5 6
4 84 10
