2.0 28.0 14.0 0.0 4.0
5.0 55.0 3.0 95.0 31.0
2.0 40.0 6.0 0.0 2.0
x
1.0 6.0 8.0 56.0 8.0
4.0 68.0 8.0 39.0 42.0
x
2.0 40.0 7.0 4.0 3.0
3.0 60.0 6.0 76.0 7.0
x
4.0 60.0 14.0 75.0 0.0
3.0 27.0 3.0 0.0 38.0
x
3.0 36.0 10.0 79.0 11.0
5.0 95.0 6.0 12.0 29.0
2.0 26.0 11.0 54.0 33.0
1.0 19.0 7.0 26.0 20.0
5.0 45.0 15.0 57.0 27.0
4.0 56.0 11.0 36.0 11.0
1.0 17.0 8.0 70.0 41.0
3.0 51.0 2.0 28.0 6.0
x
x
5.0 95.0 8.0 62.0 29.0
5.0 45.0 9.0 60.0 28.0
1.0 19.0 2.0 59.0 21.0
x
x
4.0 68.0 7.0 84.0 43.0
1.0 12.0 1.0 47.0 10.0
3.0 27.0 15.0 28.0 8.0
5.0 55.0 3.0 67.0 32.0
2.0 26.0 11.0 56.0 6.0
4.0 32.0 9.0 16.0 36.0
2.0 40.0 2.0 64.0 3.0
4.0 48.0 0.0 77.0 26.0
x
2.0 20.0 1.0 97.0 11.0
3.0 24.0 15.0 74.0 18.0
x
4.0 32.0 15.0 77.0 9.0
5.0 90.0 12.0 49.0 38.0
1.0 8.0 9.0 88.0 33.0
4.0 32.0 13.0 22.0 13.0
1.0 19.0 12.0 94.0 21.0
3.0 36.0 10.0 92.0 13.0
4.0 68.0 12.0 72.0 43.0
1.0 6.0 11.0 77.0 20.0
3.0 33.0 13.0 79.0 40.0
3.0 48.0 14.0 3.0 0.0
4.0 80.0 8.0 0.0 14.0
1.0 11.0 14.0 55.0 30.0
2.0 36.0 8.0 96.0 39.0
2.0 16.0 3.0 83.0 10.0
3.0 33.0 13.0 82.0 43.0
2.0 16.0 9.0 10.0 14.0
5.0 60.0 0.0 31.0 14.0
5.0 65.0 10.0 8.0 34.0
1.0 20.0 7.0 0.0 0.0
5.0 100.0 6.0 89.0 17.0
5.0 90.0 8.0 18.0 20.0
1.0 12.0 1.0 84.0 10.0
2.0 22.0 1.0 93.0 9.0
1.0 11.0 5.0 73.0 31.0
5.0 45.0 13.0 0.0 1.0
4.0 48.0 0.0 81.0 27.0
3.0 60.0 7.0 8.0 8.0
5.0 65.0 10.0 49.0 35.0
x
2.0 40.0 12.0 92.0 4.0
3.0 39.0 10.0 96.0 0.0
x
3.0 39.0 10.0 18.0 15.0
x
x
1.0 14.0 14.0 99.0 30.0
x
1.0 19.0 7.0 27.0 22.0
2.0 28.0 14.0 33.0 4.0
4.0 44.0 15.0 0.0 16.0
3.0 39.0 10.0 40.0 16.0
x
x
2.0 30.0 1.0 5.0 23.0
2.0 20.0 14.0 61.0 11.0
x
3.0 60.0 2.0 68.0 8.0
x
2.0 18.0 9.0 86.0 6.0
5.0 95.0 7.0 39.0 30.0
5.0 50.0 3.0 19.0 24.0
1.0 18.0 12.0 30.0 33.0
4.0 56.0 4.0 70.0 12.0
5.0 75.0 4.0 12.0 1.0
1.0 18.0 12.0 31.0 33.0
2.0 30.0 1.0 7.0 1.0
x
1.0 6.0 12.0 88.0 23.0
3.0 27.0 9.0 47.0 14.0
4.0 64.0 14.0 12.0 37.0
2.0 30.0 1.0 9.0 8.0
2.0 24.0 4.0 90.0 10.0
5.0 90.0 6.0 38.0 21.0
1.0 11.0 5.0 74.0 32.0
x
4.0 60.0 4.0 0.0 15.0
2.0 32.0 7.0 94.0 5.0
3.0 33.0 13.0 85.0 21.0
1.0 6.0 10.0 38.0 23.0
5.0 95.0 12.0 25.0 30.0
3.0 54.0 8.0 80.0 41.0
x
1.0 9.0 2.0 46.0 13.0
5.0 85.0 12.0 80.0 9.0
5.0 95.0 2.0 86.0 31.0
2.0 16.0 15.0 54.0 33.0
1.0 17.0 12.0 40.0 41.0
5.0 55.0 15.0 88.0 7.0
x
5.0 90.0 7.0 62.0 22.0
5.0 85.0 1.0 49.0 9.0
x
4.0 40.0 3.0 41.0 9.0
5.0 85.0 1.0 55.0 10.0
5.0 85.0 1.0 40.0 11.0
2.0 34.0 12.0 65.0 2.0
1.0 18.0 2.0 91.0 33.0
x
5.0 60.0 13.0 49.0 20.0
2.0 34.0 6.0 31.0 2.0
x
1.0 10.0 0.0 72.0 19.0
5.0 100.0 7.0 21.0 18.0
2.0 30.0 1.0 11.0 10.0
2.0 40.0 8.0 92.0 4.0
3.0 60.0 12.0 0.0 9.0
1.0 20.0 7.0 1.0 0.0
1.0 20.0 7.0 2.0 0.0
x
3.0 48.0 11.0 18.0 15.0
2.0 28.0 14.0 35.0 4.0
3.0 33.0 13.0 88.0 24.0
3.0 27.0 3.0 3.0 16.0
x
5.0 65.0 10.0 54.0 36.0
4.0 64.0 11.0 68.0 6.0
4.0 40.0 15.0 15.0 37.0
1.0 15.0 1.0 38.0 42.0
2.0 20.0 7.0 98.0 13.0
5.0 80.0 11.0 0.0 41.0
2.0 18.0 9.0 43.0 25.0
3.0 33.0 13.0 91.0 30.0
2.0 14.0 3.0 92.0 38.0
3.0 60.0 8.0 84.0 9.0
4.0 76.0 6.0 8.0 26.0
4.0 36.0 3.0 9.0 39.0
x
2.0 22.0 14.0 57.0 11.0
3.0 45.0 4.0 50.0 10.0
3.0 36.0 10.0 13.0 44.0
2.0 24.0 14.0 51.0 6.0
5.0 85.0 1.0 28.0 12.0
1.0 6.0 4.0 99.0 37.0
3.0 45.0 14.0 24.0 11.0
2.0 36.0 12.0 35.0 39.0
4.0 60.0 11.0 82.0 16.0
2.0 16.0 3.0 85.0 40.0
1.0 8.0 3.0 17.0 12.0
3.0 54.0 12.0 37.0 42.0
1.0 11.0 5.0 75.0 9.0
x
4.0 48.0 0.0 85.0 28.0
2.0 30.0 1.0 13.0 10.0
1.0 17.0 6.0 6.0 21.0
x
x
5.0 65.0 10.0 59.0 23.0
1.0 8.0 15.0 52.0 4.0
5.0 60.0 13.0 28.0 25.0
5.0 75.0 11.0 94.0 14.0
5.0 70.0 11.0 44.0 20.0
5.0 95.0 6.0 17.0 31.0
4.0 64.0 5.0 96.0 7.0
3.0 54.0 6.0 24.0 42.0
3.0 57.0 8.0 77.0 24.0
4.0 48.0 0.0 89.0 37.0
2.0 16.0 13.0 15.0 43.0
4.0 68.0 6.0 58.0 44.0
3.0 45.0 4.0 53.0 12.0
x
2.0 18.0 3.0 50.0 41.0
2.0 26.0 11.0 58.0 6.0
1.0 8.0 9.0 99.0 18.0
4.0 64.0 4.0 32.0 29.0
1.0 11.0 10.0 16.0 39.0
3.0 33.0 13.0 94.0 42.0
2.0 22.0 10.0 46.0 13.0
5.0 70.0 4.0 78.0 22.0
4.0 72.0 6.0 27.0 33.0
4.0 44.0 9.0 66.0 17.0
1.0 10.0 0.0 46.0 26.0
4.0 72.0 2.0 3.0 34.0
5.0 55.0 9.0 94.0 33.0
4.0 52.0 10.0 24.0 41.0
x
2.0 22.0 14.0 59.0 39.0
1.0 10.0 0.0 41.0 27.0
4.0 44.0 15.0 4.0 34.0
1.0 12.0 1.0 85.0 10.0
1.0 14.0 11.0 99.0 31.0
1.0 11.0 4.0 22.0 40.0
x
x
x
2.0 16.0 15.0 72.0 12.0
2.0 34.0 7.0 77.0 3.0
2.0 34.0 2.0 26.0 3.0
5.0 45.0 3.0 73.0 6.0
1.0 5.0 1.0 99.0 3.0
3.0 60.0 6.0 79.0 10.0
2.0 30.0 1.0 15.0 10.0
4.0 60.0 5.0 21.0 17.0
4.0 80.0 6.0 85.0 15.0
1.0 5.0 3.0 36.0 39.0
1.0 7.0 9.0 20.0 20.0
4.0 56.0 5.0 53.0 13.0
2.0 32.0 6.0 69.0 5.0
x
4.0 64.0 14.0 16.0 30.0
1.0 18.0 2.0 92.0 34.0
x
1.0 9.0 8.0 55.0 14.0
4.0 80.0 7.0 17.0 15.0
2.0 32.0 2.0 42.0 26.0
1.0 16.0 7.0 33.0 39.0
x
4.0 72.0 7.0 54.0 34.0
x
5.0 85.0 1.0 33.0 13.0
2.0 22.0 10.0 21.0 39.0
2.0 26.0 11.0 60.0 6.0
2.0 36.0 6.0 22.0 40.0
x
5.0 75.0 5.0 33.0 9.0
5.0 80.0 5.0 5.0 33.0
3.0 48.0 5.0 0.0 16.0
5.0 45.0 9.0 0.0 25.0
5.0 65.0 10.0 64.0 7.0
3.0 33.0 13.0 97.0 2.0
4.0 36.0 15.0 48.0 44.0
5.0 90.0 2.0 11.0 22.0
1.0 19.0 2.0 60.0 22.0
2.0 24.0 1.0 89.0 5.0
4.0 44.0 9.0 70.0 35.0
1.0 18.0 12.0 32.0 34.0
1.0 8.0 3.0 34.0 9.0
4.0 40.0 9.0 24.0 10.0
5.0 80.0 4.0 45.0 5.0
x
x
4.0 48.0 0.0 93.0 10.0
4.0 64.0 11.0 72.0 31.0
4.0 48.0 0.0 11.0 6.0
x
2.0 32.0 8.0 51.0 26.0
2.0 28.0 14.0 37.0 4.0
3.0 39.0 10.0 43.0 17.0
3.0 48.0 4.0 41.0 17.0
2.0 32.0 7.0 96.0 27.0
2.0 18.0 15.0 98.0 19.0
1.0 8.0 15.0 53.0 37.0
1.0 13.0 11.0 16.0 41.0
x
2.0 24.0 4.0 92.0 1.0
4.0 80.0 2.0 55.0 16.0
3.0 27.0 9.0 50.0 17.0
1.0 8.0 3.0 56.0 38.0
x
1.0 13.0 11.0 76.0 41.0
2.0 40.0 6.0 2.0 5.0
3.0 48.0 14.0 6.0 39.0
1.0 18.0 2.0 93.0 35.0
3.0 54.0 7.0 51.0 43.0
3.0 36.0 0.0 48.0 43.0
x
1.0 20.0 2.0 62.0 0.0
3.0 54.0 2.0 0.0 43.0
x
x
1.0 14.0 5.0 91.0 32.0
2.0 40.0 7.0 6.0 5.0
1.0 17.0 12.0 64.0 21.0
4.0 68.0 2.0 34.0 21.0
2.0 26.0 11.0 62.0 6.0
3.0 36.0 0.0 43.0 21.0
5.0 100.0 2.0 74.0 18.0
2.0 28.0 14.0 39.0 4.0
4.0 64.0 5.0 84.0 32.0
x
2.0 30.0 1.0 17.0 10.0
1.0 7.0 12.0 87.0 23.0
1.0 5.0 9.0 22.0 44.0
3.0 42.0 4.0 64.0 4.0
2.0 16.0 9.0 12.0 21.0
4.0 64.0 4.0 36.0 18.0
3.0 45.0 11.0 10.0 13.0
5.0 85.0 1.0 0.0 14.0
4.0 60.0 14.0 79.0 39.0
5.0 55.0 3.0 58.0 12.0
3.0 45.0 5.0 88.0 43.0
5.0 90.0 12.0 54.0 23.0
1.0 7.0 9.0 21.0 23.0
2.0 32.0 8.0 53.0 27.0
3.0 27.0 15.0 42.0 34.0
1.0 16.0 6.0 66.0 39.0
4.0 80.0 12.0 9.0 16.0
3.0 36.0 0.0 57.0 24.0
1.0 5.0 0.0 99.0 10.0
3.0 30.0 3.0 53.0 29.0
x
5.0 90.0 8.0 23.0 23.0
3.0 60.0 7.0 11.0 10.0
5.0 75.0 14.0 91.0 8.0
x
4.0 48.0 0.0 15.0 22.0
4.0 76.0 8.0 58.0 27.0
1.0 14.0 14.0 96.0 4.0
4.0 48.0 0.0 19.0 29.0
1.0 10.0 0.0 97.0 28.0
2.0 30.0 1.0 19.0 10.0
5.0 50.0 15.0 23.0 30.0
4.0 36.0 9.0 56.0 29.0
5.0 90.0 6.0 43.0 0.0
3.0 36.0 0.0 60.0 42.0
2.0 20.0 4.0 95.0 39.0
5.0 55.0 15.0 93.0 4.0
3.0 60.0 2.0 49.0 11.0
4.0 52.0 10.0 28.0 39.0
3.0 24.0 13.0 19.0 34.0
2.0 34.0 8.0 34.0 4.0
4.0 68.0 8.0 43.0 24.0
2.0 26.0 11.0 64.0 6.0
5.0 60.0 13.0 33.0 41.0
x
5.0 70.0 5.0 61.0 25.0
x
3.0 39.0 10.0 83.0 26.0
1.0 20.0 7.0 3.0 1.0
5.0 60.0 13.0 38.0 38.0
1.0 18.0 12.0 33.0 35.0
3.0 48.0 11.0 21.0 40.0
3.0 27.0 13.0 67.0 35.0
5.0 100.0 12.0 13.0 19.0
2.0 26.0 14.0 49.0 6.0
2.0 38.0 2.0 71.0 24.0
3.0 57.0 7.0 29.0 25.0
5.0 45.0 15.0 62.0 41.0
4.0 44.0 15.0 84.0 36.0
5.0 65.0 10.0 69.0 33.0
5.0 45.0 13.0 5.0 19.0
2.0 28.0 14.0 41.0 4.0
5.0 60.0 13.0 43.0 8.0
1.0 13.0 5.0 42.0 41.0
2.0 26.0 4.0 88.0 5.0
3.0 36.0 0.0 63.0 0.0
2.0 16.0 13.0 17.0 4.0
4.0 56.0 1.0 71.0 43.0
2.0 34.0 12.0 67.0 4.0
1.0 16.0 7.0 92.0 40.0
4.0 68.0 7.0 88.0 24.0
2.0 30.0 1.0 21.0 10.0
5.0 100.0 8.0 72.0 19.0
x
3.0 42.0 11.0 33.0 18.0
5.0 90.0 7.0 67.0 1.0
3.0 39.0 10.0 86.0 27.0
3.0 48.0 5.0 39.0 2.0
3.0 45.0 14.0 69.0 21.0
1.0 12.0 1.0 86.0 10.0
5.0 50.0 9.0 32.0 42.0
4.0 60.0 4.0 4.0 40.0
5.0 90.0 2.0 16.0 1.0
5.0 55.0 9.0 75.0 18.0
2.0 32.0 2.0 44.0 28.0
4.0 72.0 12.0 45.0 35.0
1.0 6.0 13.0 26.0 8.0
4.0 76.0 7.0 35.0 27.0
5.0 80.0 14.0 64.0 26.0
x
4.0 72.0 8.0 14.0 35.0
3.0 48.0 4.0 24.0 3.0
x
4.0 36.0 13.0 73.0 5.0
x
3.0 42.0 5.0 50.0 19.0
x
1.0 18.0 6.0 99.0 36.0
x
x
3.0 27.0 3.0 6.0 36.0
x
5.0 95.0 8.0 9.0 32.0
x
3.0 30.0 15.0 9.0 5.0
3.0 45.0 4.0 56.0 24.0
3.0 27.0 15.0 45.0 13.0
x
2.0 24.0 14.0 53.0 14.0
2.0 28.0 14.0 43.0 4.0
3.0 60.0 12.0 3.0 11.0
2.0 40.0 2.0 66.0 6.0
4.0 36.0 3.0 13.0 26.0
3.0 45.0 11.0 13.0 42.0
x
4.0 48.0 0.0 23.0 5.0
5.0 45.0 3.0 78.0 22.0
4.0 56.0 11.0 40.0 21.0
2.0 30.0 1.0 23.0 10.0
4.0 60.0 11.0 86.0 2.0
4.0 60.0 5.0 25.0 3.0
5.0 75.0 4.0 17.0 37.0
5.0 75.0 11.0 28.0 6.0
2.0 24.0 1.0 91.0 8.0
3.0 48.0 14.0 9.0 4.0
1.0 9.0 13.0 54.0 20.0
x
1.0 13.0 5.0 43.0 33.0
5.0 65.0 10.0 74.0 12.0
5.0 90.0 12.0 59.0 2.0
2.0 36.0 7.0 49.0 40.0
3.0 51.0 8.0 36.0 6.0
4.0 40.0 3.0 45.0 40.0
1.0 20.0 2.0 63.0 1.0
1.0 20.0 12.0 90.0 2.0
5.0 80.0 11.0 5.0 27.0
5.0 100.0 6.0 94.0 20.0
5.0 50.0 3.0 24.0 2.0
x
3.0 36.0 0.0 66.0 15.0
4.0 60.0 14.0 83.0 4.0
3.0 54.0 8.0 67.0 44.0
x
x
5.0 65.0 0.0 0.0 4.0
x
1.0 18.0 6.0 4.0 36.0
5.0 45.0 15.0 67.0 31.0
x
5.0 45.0 9.0 5.0 32.0
x
x
3.0 45.0 5.0 15.0 44.0
4.0 80.0 8.0 4.0 17.0
3.0 48.0 11.0 24.0 34.0
1.0 11.0 10.0 99.0 2.0
1.0 12.0 1.0 87.0 10.0
3.0 60.0 8.0 87.0 12.0
1.0 10.0 5.0 80.0 9.0
3.0 60.0 6.0 82.0 12.0
x
4.0 52.0 10.0 32.0 40.0
5.0 50.0 15.0 32.0 3.0
2.0 16.0 3.0 87.0 16.0
1.0 18.0 2.0 94.0 36.0
3.0 45.0 14.0 72.0 20.0
4.0 56.0 4.0 74.0 24.0
1.0 17.0 8.0 99.0 24.0
x
x
x
2.0 36.0 2.0 96.0 41.0
x
x
x
1.0 9.0 10.0 37.0 39.0
1.0 15.0 1.0 60.0 44.0
x
x
x
1.0 16.0 6.0 67.0 2.0
3.0 48.0 5.0 93.0 35.0
3.0 51.0 6.0 55.0 7.0
x
3.0 60.0 7.0 14.0 13.0
1.0 17.0 8.0 33.0 24.0
5.0 65.0 0.0 5.0 18.0
3.0 60.0 2.0 52.0 13.0
1.0 12.0 1.0 88.0 10.0
3.0 45.0 4.0 59.0 22.0
3.0 57.0 12.0 18.0 25.0
1.0 6.0 3.0 63.0 24.0
x
2.0 30.0 1.0 25.0 10.0
3.0 30.0 9.0 80.0 26.0
5.0 65.0 0.0 52.0 19.0
3.0 42.0 4.0 67.0 10.0
1.0 16.0 7.0 93.0 3.0
5.0 75.0 5.0 45.0 7.0
4.0 64.0 14.0 20.0 19.0
2.0 24.0 5.0 71.0 9.0
2.0 20.0 4.0 97.0 44.0
3.0 33.0 13.0 56.0 3.0
1.0 11.0 5.0 76.0 3.0
4.0 40.0 15.0 19.0 43.0
1.0 19.0 12.0 98.0 23.0
1.0 18.0 8.0 90.0 37.0
1.0 6.0 15.0 82.0 30.0
4.0 68.0 12.0 76.0 25.0
3.0 42.0 1.0 68.0 11.0
3.0 30.0 3.0 38.0 27.0
1.0 10.0 4.0 94.0 37.0
4.0 68.0 6.0 62.0 25.0
5.0 80.0 5.0 10.0 28.0
5.0 70.0 1.0 79.0 38.0
2.0 28.0 14.0 45.0 4.0
2.0 30.0 1.0 62.0 10.0
x
5.0 50.0 9.0 37.0 0.0
4.0 56.0 5.0 57.0 42.0
5.0 90.0 8.0 28.0 37.0
5.0 90.0 6.0 48.0 38.0
4.0 60.0 4.0 8.0 34.0
1.0 19.0 12.0 99.0 23.0
5.0 45.0 13.0 10.0 7.0
1.0 16.0 2.0 99.0 3.0
2.0 20.0 0.0 36.0 6.0
1.0 18.0 12.0 34.0 37.0
3.0 33.0 13.0 59.0 0.0
1.0 15.0 1.0 45.0 20.0
1.0 16.0 6.0 68.0 4.0
2.0 22.0 1.0 95.0 44.0
2.0 20.0 0.0 38.0 19.0
4.0 68.0 2.0 38.0 26.0
x
1.0 7.0 15.0 81.0 37.0
4.0 60.0 11.0 90.0 35.0
2.0 30.0 1.0 64.0 10.0
3.0 36.0 0.0 69.0 16.0
2.0 34.0 7.0 79.0 5.0
1.0 11.0 14.0 56.0 30.0
2.0 30.0 1.0 66.0 10.0
3.0 45.0 11.0 79.0 25.0
1.0 11.0 5.0 77.0 31.0
x
2.0 16.0 9.0 14.0 17.0
1.0 9.0 5.0 81.0 44.0
x
x
2.0 32.0 12.0 85.0 28.0
3.0 54.0 12.0 42.0 44.0
x
x
1.0 19.0 7.0 28.0 23.0
5.0 70.0 11.0 49.0 30.0
3.0 48.0 4.0 29.0 36.0
x
1.0 10.0 0.0 98.0 10.0
5.0 70.0 5.0 66.0 31.0
5.0 95.0 7.0 44.0 32.0
1.0 18.0 7.0 32.0 38.0
2.0 28.0 14.0 47.0 4.0
3.0 33.0 13.0 62.0 15.0
2.0 20.0 13.0 65.0 22.0
x
x
3.0 57.0 2.0 79.0 26.0
2.0 32.0 6.0 71.0 0.0
5.0 90.0 7.0 72.0 39.0
x
1.0 14.0 14.0 97.0 4.0
4.0 60.0 5.0 29.0 36.0
1.0 17.0 2.0 98.0 24.0
3.0 51.0 7.0 81.0 7.0
4.0 48.0 0.0 27.0 1.0
5.0 70.0 4.0 83.0 32.0
4.0 56.0 1.0 75.0 44.0
5.0 75.0 14.0 28.0 29.0
1.0 6.0 5.0 82.0 42.0
3.0 27.0 9.0 53.0 20.0
x
3.0 27.0 13.0 70.0 23.0
x
x
5.0 90.0 2.0 21.0 40.0
4.0 52.0 10.0 0.0 2.0
3.0 39.0 10.0 89.0 28.0
4.0 76.0 12.0 21.0 28.0
3.0 51.0 12.0 69.0 41.0
4.0 40.0 9.0 28.0 21.0
x
1.0 6.0 3.0 65.0 2.0
5.0 50.0 3.0 29.0 15.0
4.0 52.0 10.0 4.0 3.0
1.0 8.0 13.0 77.0 8.0
3.0 36.0 0.0 74.0 17.0
x
2.0 18.0 9.0 45.0 22.0
3.0 30.0 15.0 12.0 28.0
3.0 51.0 2.0 31.0 33.0
x
1.0 15.0 1.0 46.0 22.0
2.0 32.0 6.0 73.0 0.0
4.0 76.0 2.0 82.0 28.0
5.0 50.0 15.0 37.0 11.0
x
2.0 40.0 12.0 96.0 6.0
4.0 44.0 9.0 90.0 23.0
3.0 60.0 12.0 6.0 14.0
2.0 22.0 5.0 78.0 44.0
4.0 72.0 6.0 34.0 36.0
4.0 72.0 2.0 7.0 36.0
4.0 60.0 14.0 87.0 23.0
3.0 45.0 5.0 18.0 38.0
3.0 30.0 9.0 83.0 1.0
x
2.0 40.0 8.0 94.0 7.0
3.0 24.0 3.0 89.0 35.0
1.0 6.0 2.0 47.0 3.0
x
4.0 72.0 7.0 58.0 37.0
x
2.0 34.0 6.0 53.0 5.0
1.0 11.0 4.0 62.0 32.0
1.0 18.0 2.0 95.0 38.0
4.0 68.0 8.0 47.0 8.0
