1 17 37
7 78 8
6 0 2
x
10 80 6
12 19 2
x
14 0 3
8 92 7
x
8 66 35
9 10 35
x
2 15 38
3 95 29
9 47 21
1 55 20
9 13 31
13 59 12
11 0 23
15 9 5
x
x
0 5 30
3 84 32
11 23 21
x
x
6 95 8
12 40 22
3 81 9
2 26 10
3 0 22
x
13 49 3
13 73 13
x
0 21 3
1 97 4
x
x
4 45 23
14 56 8
x
10 99 21
1 67 39
1 0 8
2 47 8
7 75 14
1 45 6
9 68 14
13 77 15
8 88 40
10 77 40
2 23 38
0 35 7
12 61 35
13 66 8
7 0 0
0 0 17
14 17 24
12 99 24
1 74 42
9 41 33
7 91 0
9 57 16
6 2 8
2 10 10
x
15 0 4
15 41 0
x
4 19 34
x
x
13 56 20
x
3 65 22
5 28 38
10 58 37
9 49 5
x
x
2 90 30
13 7 16
x
5 0 8
x
2 35 16
13 33 30
12 74 1
11 25 33
15 36 13
4 7 15
10 38 34
8 62 31
x
8 56 10
7 88 7
8 58 24
12 32 32
0 95 9
10 43 0
3 34 44
x
12 36 6
13 83 1
8 32 38
10 81 11
15 89 31
14 14 43
x
9 64 36
9 83 42
7 14 31
13 22 13
11 1 1
8 35 11
x
9 75 1
3 38 27
x
7 83 13
7 35 28
2 82 29
9 98 40
9 73 34
x
6 47 9
3 58 43
x
11 45 13
13 28 18
6 17 32
7 4 4
4 41 9
7 1 0
7 2 0
x
5 12 18
11 90 39
12 66 22
2 37 39
x
1 62 11
13 87 25
2 31 15
2 59 3
15 63 19
10 27 9
8 44 19
6 52 24
0 37 25
14 3 9
8 0 27
14 52 3
x
5 57 2
10 32 5
5 50 14
12 56 3
8 77 0
0 39 17
0 74 33
6 84 41
6 21 7
15 78 15
10 75 10
10 40 43
7 73 20
x
3 10 1
13 91 2
4 24 3
x
x
5 45 14
14 57 11
11 37 6
14 82 16
4 14 40
2 54 32
12 28 26
9 95 44
1 57 25
7 69 18
9 18 29
5 88 9
13 93 41
x
11 53 19
7 59 3
10 76 17
6 13 36
8 70 43
1 76 36
0 15 15
14 90 43
7 19 36
0 17 12
4 22 15
2 69 37
12 69 17
6 38 30
x
13 1 33
14 97 29
13 3 30
6 32 36
15 99 0
13 0 23
x
x
x
3 89 33
11 3 44
4 50 23
2 40 34
x
0 48 10
1 8 8
10 0 30
8 84 15
x
12 94 8
9 43 44
1 37 3
x
1 4 37
11 26 35
x
3 36 25
6 76 15
5 10 4
1 60 17
x
8 4 38
x
12 23 15
15 57 44
8 18 4
5 97 41
x
2 0 29
0 68 10
11 12 19
8 49 16
15 44 17
5 59 25
10 71 3
3 67 2
1 56 22
6 42 4
15 59 30
10 21 35
0 41 28
8 40 29
15 21 11
x
x
8 28 19
5 15 38
2 18 0
x
11 10 20
13 57 21
3 2 35
4 58 40
4 56 30
4 87 20
13 21 35
11 95 38
x
11 32 15
5 39 16
8 46 18
15 77 35
13 24 26
11 96 39
2 64 5
14 70 43
9 93 36
3 53 44
0 97 14
x
2 62 0
0 43 33
x
x
9 88 29
12 92 5
11 2 4
11 5 10
12 51 33
15 49 38
15 84 18
15 29 22
11 79 39
x
5 19 10
6 99 10
x
14 87 29
7 96 39
4 0 21
15 26 18
6 8 16
0 77 31
6 55 40
9 32 18
0 52 34
4 97 11
14 68 31
12 79 4
5 99 40
4 29 16
12 58 22
x
10 63 0
x
13 41 35
13 51 10
8 9 0
x
1 70 34
6 80 27
3 63 24
5 53 5
11 46 33
11 15 11
6 60 6
0 31 37
15 94 36
6 44 24
9 4 20
1 79 42
15 2 11
11 28 31
5 80 36
14 23 23
4 52 11
6 30 20
4 72 7
x
10 9 43
15 80 42
7 61 6
7 3 1
14 35 3
8 99 36
10 24 43
6 65 36
7 9 19
11 97 38
3 50 24
11 68 25
12 82 19
9 0 31
4 64 40
6 68 20
9 39 33
10 53 4
13 63 39
13 64 39
11 34 36
14 59 41
3 30 1
10 84 1
11 9 43
14 64 12
4 61 14
2 49 19
x
2 97 41
7 23 37
8 20 7
0 65 44
3 46 19
11 99 25
1 84 14
13 96 32
2 74 38
5 62 2
10 91 32
12 10 39
13 26 17
5 93 28
9 27 12
x
6 86 40
15 18 23
x
13 17 12
9 20 2
1 19 24
x
6 6 37
x
x
1 89 5
x
12 5 32
x
0 23 34
7 45 27
5 72 25
x
14 95 16
3 28 20
7 6 11
1 49 6
15 73 30
1 10 28
x
0 11 27
1 92 21
7 55 18
14 77 17
15 32 42
9 35 2
12 42 25
6 25 26
10 93 33
9 24 34
9 9 26
x
15 40 34
9 52 40
8 72 39
11 72 42
9 80 6
11 49 33
2 63 1
12 90 2
3 19 13
12 0 20
5 67 23
x
4 69 25
3 24 8
13 38 34
x
x
3 5 29
x
5 43 37
5 75 21
x
11 58 27
x
x
5 21 40
14 6 17
3 43 35
9 61 37
14 26 26
2 66 12
4 80 41
12 96 12
x
14 28 32
10 66 38
2 45 44
11 71 38
11 83 43
8 14 19
4 25 5
3 91 43
x
x
4 38 42
7 98 12
x
x
3 80 43
2 60 4
x
x
12 87 28
4 26 44
7 31 6
3 60 7
x
1 51 13
14 22 6
7 64 41
11 20 13
10 35 9
4 4 44
10 18 26
15 82 14
x
2 92 5
13 9 34
8 23 21
5 30 36
14 25 23
10 4 3
14 73 22
13 71 20
3 16 21
11 42 26
3 56 30
4 83 41
11 24 23
4 37 38
9 22 40
10 86 13
11 92 9
15 65 5
14 43 44
0 59 14
7 40 1
0 86 44
7 53 0
8 64 3
x
0 26 22
12 47 27
12 14 41
6 90 42
7 48 10
10 37 23
4 92 28
10 90 34
11 47 39
14 99 39
4 77 43
8 82 20
0 46 35
9 62 20
4 81 39
13 79 33
x
10 79 17
1 13 11
12 34 4
14 32 26
0 57 3
7 74 31
6 19 20
14 79 23
2 22 31
x
8 54 18
7 87 3
x
x
0 63 17
15 5 35
x
x
9 72 24
2 5 23
2 87 7
x
10 62 1
1 22 37
1 40 33
10 22 39
4 12 5
14 40 23
14 44 18
6 73 35
x
9 90 26
15 16 17
1 32 21
4 98 9
7 52 36
5 24 14
10 83 7
7 28 24
15 52 28
5 33 37
6 34 28
0 81 4
3 93 3
11 55 26
x
4 89 43
x
x
5 5 22
10 49 42
12 53 7
4 33 28
2 79 25
14 46 44
x
x
13 12 24
0 91 2
14 58 9
10 14 12
x
14 50 21
9 6 27
8 95 26
x
13 54 30
13 85 5
14 10 29
15 68 36
x
11 18 6
3 73 32
10 96 14
3 14 39
1 28 20
5 84 21
11 86 17
2 94 34
3 77 28
14 61 1
9 66 7
11 63 5
x
x
11 74 22
x
13 46 4
8 90 32
9 94 40
15 12 41
