12 42 11
3 73 32
6 0 3
x
8 55 16
12 22 9
x
14 0 4
4 41 8
x
11 85 16
3 82 29
x
15 47 26
10 40 30
13 98 19
12 99 21
15 73 34
13 61 0
13 54 0
14 65 6
x
x
2 54 31
9 14 42
1 59 22
x
x
6 8 10
7 64 22
12 77 18
12 67 33
2 8 4
x
7 4 4
3 12 9
x
10 63 14
5 80 1
x
x
4 48 0
13 77 9
x
11 68 22
9 58 27
5 15 11
0 46 10
8 32 24
2 89 20
2 69 15
3 56 41
6 92 41
3 89 24
0 18 30
15 78 30
5 54 6
12 52 36
7 0 0
6 79 18
14 22 1
15 99 23
6 49 2
15 53 13
11 58 43
2 18 34
14 3 9
6 39 37
x
2 64 5
0 91 9
x
13 65 34
x
x
11 89 20
x
8 97 23
6 26 12
1 76 35
15 28 42
x
x
9 85 6
9 4 22
x
7 6 9
x
9 9 11
8 0 31
14 47 28
4 38 34
8 12 1
0 80 32
14 99 35
9 87 7
x
11 65 24
1 88 22
15 18 40
0 71 19
11 32 29
10 83 2
15 54 14
x
14 80 17
9 68 2
12 64 3
7 99 24
12 7 32
7 24 44
x
10 16 22
10 24 28
6 87 32
0 38 3
6 4 1
0 21 40
x
2 77 3
8 58 29
x
7 83 41
12 26 30
6 12 16
10 88 8
7 21 35
x
11 37 0
13 79 41
x
7 79 2
5 93 19
15 26 8
12 92 5
2 66 10
2 62 0
7 1 1
x
15 9 44
7 53 13
11 42 8
9 11 23
x
4 64 38
15 22 22
1 83 13
1 38 31
4 81 23
2 92 13
7 87 12
6 51 28
15 80 29
12 96 10
5 84 28
2 39 38
x
1 74 21
9 24 44
11 34 39
10 14 18
1 4 17
3 93 30
3 58 35
1 28 42
10 0 41
8 52 8
0 99 15
2 74 44
6 48 30
x
6 44 42
5 98 34
1 34 2
x
x
9 53 32
8 51 19
13 0 1
13 56 33
10 9 6
1 43 33
14 74 23
0 48 34
8 88 26
1 70 43
2 44 22
1 0 12
3 61 36
x
4 87 17
7 59 5
2 99 41
0 74 24
12 40 7
7 76 7
4 21 41
14 89 7
0 52 39
9 0 39
15 62 21
12 13 40
11 45 9
5 45 41
x
10 57 13
4 79 34
10 59 36
15 46 24
2 60 28
15 55 16
x
x
x
12 85 23
6 98 44
15 0 0
12 80 11
x
1 51 11
11 83 42
2 0 30
12 0 16
x
10 79 19
3 30 25
15 91 4
x
11 79 3
4 39 36
x
9 73 23
1 55 16
15 93 5
11 14 44
x
8 72 41
x
5 19 18
9 40 14
3 98 8
4 46 42
x
4 8 40
12 31 14
9 70 35
5 75 12
0 94 33
5 59 16
13 17 44
13 49 35
10 22 23
14 29 44
2 27 37
14 18 36
13 21 4
4 83 24
3 67 2
x
x
12 59 31
10 29 9
9 61 17
x
4 60 21
11 90 14
3 4 43
9 90 36
0 69 31
10 69 20
3 36 13
7 58 17
x
7 66 6
11 23 17
11 55 31
13 22 29
7 97 36
3 34 20
1 49 6
9 93 37
7 22 37
0 43 35
4 69 2
x
2 63 1
0 0 36
x
x
7 52 29
11 18 6
6 6 4
11 10 13
8 16 28
10 33 21
4 29 19
8 10 20
7 42 10
x
4 3 43
0 9 41
x
11 92 10
13 23 31
8 63 11
3 38 37
15 84 41
15 32 19
6 54 15
3 41 38
13 28 36
4 97 4
11 15 32
6 64 35
15 6 35
10 18 17
13 73 22
x
10 65 44
x
13 33 37
11 20 11
15 36 15
x
4 72 20
11 70 28
8 9 9
10 53 29
7 80 42
14 78 31
5 67 7
8 47 5
13 38 38
7 68 23
15 63 31
14 42 19
8 94 12
8 18 30
6 72 9
15 2 1
0 65 14
1 24 29
7 71 11
x
15 41 11
3 91 37
7 61 31
7 2 2
14 34 12
10 99 37
9 96 38
5 72 39
14 9 20
11 97 18
10 37 25
12 4 26
6 67 17
8 35 38
13 68 40
1 91 20
0 85 28
2 22 25
11 95 41
5 35 44
5 51 24
11 63 35
1 20 26
15 4 2
15 7 36
4 56 15
1 10 32
7 12 20
x
12 44 35
13 43 39
2 10 17
3 53 0
9 27 0
5 37 3
2 34 16
3 22 4
7 27 40
5 62 4
14 72 33
5 88 21
11 99 38
4 34 29
9 75 4
x
0 56 22
3 95 1
x
0 34 2
4 98 18
6 28 36
x
4 45 38
x
x
14 52 0
x
5 5 33
x
2 31 2
9 30 1
4 89 1
x
5 49 0
2 97 29
10 96 12
8 92 7
3 85 21
9 33 25
x
0 14 18
4 92 25
2 4 27
10 93 33
3 26 5
9 36 8
14 84 22
1 15 23
12 57 1
15 12 25
10 68 31
x
11 96 30
3 7 15
8 76 42
14 20 43
13 81 7
13 11 30
12 90 2
7 3 3
9 80 5
2 49 21
8 42 10
x
0 11 3
7 48 18
0 3 37
x
x
2 13 19
x
14 19 38
7 92 32
x
10 74 33
x
x
4 5 26
8 84 18
13 88 26
1 26 10
7 65 8
6 76 13
13 76 43
5 39 13
x
11 28 7
11 50 26
9 19 39
7 23 39
13 95 27
3 0 39
1 35 5
12 87 28
x
x
10 46 43
1 98 19
x
x
12 76 0
5 2 32
x
x
9 21 41
15 89 37
4 0 27
7 35 25
x
4 24 14
4 53 6
8 22 4
14 6 14
14 28 28
1 12 39
6 84 27
15 82 3
x
8 81 15
8 39 21
1 65 5
4 13 37
15 90 38
10 4 24
13 91 12
6 31 25
13 9 17
4 76 10
9 99 26
3 78 3
12 94 24
10 45 39
0 41 8
14 68 34
7 55 38
15 65 34
1 80 41
13 84 42
6 17 21
9 48 12
3 47 44
5 42 20
x
0 29 27
5 31 2
12 17 43
5 10 22
8 67 34
1 60 24
14 55 40
9 66 0
3 50 20
2 59 40
14 39 26
4 62 33
9 67 1
3 16 22
7 81 29
7 38 43
x
8 54 13
12 36 42
7 46 28
14 31 8
1 36 4
3 65 27
0 78 29
3 44 6
8 31 35
x
1 96 0
1 87 1
x
x
15 95 6
0 6 38
x
x
11 69 25
12 47 13
15 15 39
x
4 80 13
6 34 14
11 0 34
8 99 40
5 29 9
15 59 27
1 81 18
10 80 4
x
1 40 27
15 97 7
0 60 23
2 46 7
5 28 10
6 22 43
14 64 7
2 82 26
8 27 44
4 16 16
0 87 21
9 43 3
8 56 26
7 89 36
x
10 71 37
x
x
11 5 24
14 94 10
1 62 20
14 14 29
10 90 27
12 72 8
x
x
6 59 6
10 49 35
2 43 18
15 50 28
x
13 15 25
0 26 42
8 5 3
x
1 9 15
7 32 19
7 17 30
15 68 14
x
6 2 7
13 5 5
7 9 15
15 57 23
11 74 23
6 94 24
5 24 31
3 19 7
9 6 43
13 25 13
5 0 8
14 60 15
x
x
1 30 25
x
4 54 5
12 63 39
12 12 41
2 85 8
