2.0 28.0 0.0 48.0 16.0
5.0 55.0 11.0 57.0 9.0
2.0 40.0 7.0 0.0 0.0
x
1.0 6.0 5.0 82.0 28.0
4.0 68.0 8.0 4.0 0.0
x
2.0 40.0 2.0 62.0 0.0
3.0 60.0 7.0 2.0 1.0
x
4.0 60.0 6.0 44.0 33.0
3.0 27.0 3.0 32.0 43.0
x
3.0 36.0 14.0 48.0 34.0
5.0 95.0 7.0 23.0 21.0
2.0 26.0 10.0 14.0 39.0
1.0 19.0 2.0 59.0 22.0
5.0 45.0 9.0 48.0 3.0
4.0 56.0 0.0 0.0 19.0
1.0 17.0 6.0 24.0 1.0
3.0 51.0 12.0 38.0 4.0
x
x
5.0 95.0 8.0 77.0 22.0
5.0 45.0 15.0 40.0 28.0
1.0 19.0 6.0 6.0 23.0
x
x
4.0 68.0 5.0 28.0 5.0
1.0 12.0 1.0 84.0 4.0
3.0 27.0 15.0 45.0 25.0
5.0 55.0 6.0 64.0 14.0
2.0 26.0 10.0 49.0 18.0
4.0 32.0 3.0 87.0 43.0
2.0 40.0 12.0 92.0 1.0
4.0 48.0 4.0 87.0 42.0
x
2.0 20.0 13.0 2.0 21.0
3.0 24.0 9.0 39.0 26.0
x
4.0 32.0 15.0 77.0 29.0
5.0 90.0 1.0 0.0 34.0
1.0 8.0 4.0 95.0 11.0
4.0 32.0 2.0 41.0 16.0
1.0 19.0 2.0 60.0 23.0
3.0 36.0 0.0 86.0 37.0
4.0 68.0 7.0 53.0 11.0
1.0 6.0 10.0 81.0 34.0
3.0 33.0 2.0 38.0 20.0
3.0 48.0 14.0 3.0 44.0
4.0 80.0 6.0 0.0 2.0
1.0 11.0 13.0 62.0 37.0
2.0 36.0 8.0 89.0 35.0
2.0 16.0 6.0 71.0 25.0
3.0 33.0 1.0 87.0 2.0
2.0 16.0 9.0 19.0 41.0
5.0 60.0 15.0 0.0 19.0
5.0 65.0 6.0 57.0 3.0
1.0 20.0 2.0 64.0 2.0
5.0 100.0 7.0 5.0 3.0
5.0 90.0 2.0 86.0 35.0
1.0 12.0 0.0 71.0 1.0
2.0 22.0 15.0 93.0 39.0
1.0 11.0 13.0 63.0 24.0
5.0 45.0 3.0 0.0 36.0
4.0 48.0 13.0 44.0 18.0
3.0 60.0 1.0 49.0 3.0
5.0 65.0 4.0 82.0 12.0
x
2.0 40.0 2.0 65.0 4.0
3.0 39.0 7.0 82.0 17.0
x
3.0 39.0 0.0 61.0 10.0
x
x
1.0 14.0 11.0 99.0 32.0
4.0 32.0 0.0 36.0 22.0
1.0 19.0 12.0 94.0 24.0
2.0 28.0 10.0 88.0 8.0
4.0 44.0 4.0 91.0 30.0
3.0 39.0 10.0 51.0 0.0
x
4.0 32.0 11.0 62.0 14.0
2.0 30.0 4.0 18.0 2.0
2.0 20.0 6.0 69.0 26.0
x
3.0 60.0 8.0 92.0 4.0
x
2.0 18.0 0.0 34.0 9.0
5.0 95.0 6.0 91.0 24.0
5.0 50.0 9.0 79.0 16.0
1.0 18.0 8.0 82.0 36.0
4.0 56.0 7.0 78.0 22.0
5.0 75.0 10.0 18.0 44.0
1.0 18.0 12.0 27.0 36.0
2.0 30.0 4.0 20.0 41.0
x
1.0 6.0 3.0 36.0 38.0
3.0 27.0 13.0 21.0 14.0
4.0 64.0 14.0 6.0 31.0
2.0 30.0 12.0 58.0 37.0
2.0 24.0 6.0 62.0 40.0
5.0 90.0 6.0 13.0 37.0
1.0 11.0 13.0 64.0 17.0
x
4.0 60.0 4.0 64.0 5.0
2.0 32.0 4.0 37.0 36.0
3.0 33.0 14.0 54.0 29.0
1.0 6.0 13.0 26.0 20.0
5.0 95.0 2.0 74.0 25.0
3.0 54.0 7.0 40.0 37.0
x
1.0 9.0 3.0 48.0 37.0
5.0 85.0 2.0 0.0 15.0
5.0 95.0 1.0 31.0 25.0
2.0 16.0 3.0 16.0 20.0
1.0 17.0 12.0 42.0 20.0
5.0 55.0 15.0 95.0 34.0
x
5.0 90.0 8.0 63.0 38.0
5.0 85.0 6.0 25.0 21.0
x
4.0 40.0 9.0 84.0 35.0
5.0 85.0 8.0 14.0 37.0
5.0 85.0 11.0 12.0 39.0
2.0 34.0 12.0 43.0 40.0
1.0 18.0 12.0 28.0 38.0
x
5.0 60.0 8.0 45.0 26.0
2.0 34.0 4.0 41.0 44.0
x
1.0 10.0 15.0 20.0 44.0
5.0 100.0 12.0 0.0 5.0
2.0 30.0 4.0 68.0 38.0
2.0 40.0 2.0 67.0 5.0
3.0 60.0 6.0 76.0 6.0
1.0 20.0 1.0 52.0 6.0
1.0 20.0 8.0 99.0 7.0
x
3.0 48.0 11.0 28.0 41.0
2.0 28.0 4.0 76.0 18.0
3.0 33.0 0.0 31.0 43.0
3.0 27.0 1.0 90.0 32.0
x
5.0 65.0 10.0 54.0 20.0
4.0 64.0 8.0 19.0 42.0
4.0 40.0 13.0 4.0 12.0
1.0 15.0 4.0 22.0 21.0
2.0 20.0 13.0 8.0 28.0
5.0 80.0 4.0 45.0 1.0
2.0 18.0 3.0 5.0 18.0
3.0 33.0 13.0 65.0 7.0
2.0 14.0 12.0 87.0 31.0
3.0 60.0 1.0 55.0 7.0
4.0 76.0 12.0 15.0 26.0
4.0 36.0 9.0 53.0 31.0
x
2.0 22.0 10.0 76.0 42.0
3.0 45.0 4.0 70.0 32.0
3.0 36.0 14.0 51.0 30.0
2.0 24.0 5.0 72.0 17.0
5.0 85.0 11.0 79.0 2.0
1.0 6.0 9.0 22.0 36.0
3.0 45.0 14.0 64.0 8.0
2.0 36.0 12.0 29.0 39.0
4.0 60.0 7.0 70.0 29.0
2.0 16.0 3.0 91.0 4.0
1.0 8.0 5.0 37.0 10.0
3.0 54.0 1.0 5.0 39.0
1.0 11.0 15.0 9.0 37.0
4.0 32.0 4.0 96.0 32.0
4.0 48.0 0.0 89.0 27.0
2.0 30.0 5.0 90.0 35.0
1.0 17.0 11.0 24.0 13.0
x
x
5.0 65.0 10.0 59.0 2.0
1.0 8.0 8.0 54.0 19.0
5.0 60.0 13.0 84.0 44.0
5.0 75.0 12.0 60.0 3.0
5.0 70.0 2.0 27.0 26.0
5.0 95.0 7.0 28.0 26.0
4.0 64.0 5.0 49.0 4.0
3.0 54.0 7.0 43.0 40.0
3.0 57.0 8.0 95.0 27.0
4.0 48.0 13.0 89.0 10.0
2.0 16.0 5.0 80.0 40.0
4.0 68.0 11.0 84.0 28.0
3.0 45.0 1.0 70.0 26.0
x
2.0 18.0 3.0 7.0 13.0
2.0 26.0 2.0 32.0 42.0
1.0 8.0 10.0 16.0 11.0
4.0 64.0 4.0 50.0 6.0
1.0 11.0 15.0 10.0 1.0
3.0 33.0 15.0 11.0 18.0
2.0 22.0 9.0 66.0 32.0
5.0 70.0 0.0 4.0 44.0
4.0 72.0 2.0 91.0 40.0
4.0 44.0 9.0 68.0 13.0
1.0 10.0 13.0 10.0 42.0
4.0 72.0 12.0 31.0 41.0
5.0 55.0 9.0 90.0 24.0
4.0 52.0 13.0 33.0 31.0
x
2.0 22.0 13.0 68.0 40.0
1.0 10.0 15.0 21.0 4.0
4.0 44.0 7.0 93.0 5.0
1.0 12.0 7.0 87.0 25.0
1.0 14.0 4.0 78.0 33.0
1.0 11.0 15.0 14.0 17.0
x
x
x
2.0 16.0 13.0 24.0 15.0
2.0 34.0 4.0 24.0 31.0
2.0 34.0 11.0 25.0 1.0
5.0 45.0 15.0 48.0 5.0
x
3.0 60.0 2.0 69.0 8.0
2.0 30.0 2.0 20.0 27.0
4.0 60.0 14.0 67.0 7.0
4.0 80.0 8.0 84.0 8.0
x
1.0 7.0 10.0 80.0 13.0
4.0 56.0 6.0 53.0 4.0
2.0 32.0 2.0 12.0 24.0
x
4.0 64.0 14.0 10.0 16.0
1.0 18.0 1.0 8.0 41.0
x
1.0 9.0 2.0 99.0 34.0
4.0 80.0 7.0 10.0 9.0
2.0 32.0 6.0 38.0 8.0
1.0 16.0 4.0 39.0 19.0
x
4.0 72.0 6.0 18.0 42.0
x
5.0 85.0 11.0 88.0 20.0
2.0 22.0 13.0 70.0 38.0
2.0 26.0 10.0 64.0 37.0
2.0 36.0 1.0 9.0 42.0
x
5.0 75.0 11.0 38.0 17.0
5.0 80.0 12.0 51.0 25.0
3.0 48.0 4.0 54.0 7.0
5.0 45.0 9.0 57.0 27.0
5.0 65.0 0.0 64.0 24.0
3.0 33.0 5.0 77.0 3.0
4.0 36.0 3.0 9.0 42.0
5.0 90.0 8.0 9.0 43.0
1.0 19.0 12.0 90.0 27.0
2.0 24.0 0.0 93.0 0.0
4.0 44.0 13.0 72.0 27.0
1.0 18.0 7.0 46.0 43.0
1.0 8.0 7.0 97.0 38.0
4.0 40.0 9.0 24.0 20.0
5.0 80.0 7.0 64.0 14.0
x
x
4.0 48.0 0.0 95.0 4.0
4.0 64.0 11.0 31.0 15.0
4.0 48.0 13.0 93.0 6.0
x
2.0 32.0 1.0 25.0 5.0
2.0 28.0 14.0 41.0 20.0
3.0 39.0 12.0 72.0 11.0
3.0 48.0 8.0 23.0 11.0
2.0 32.0 2.0 14.0 38.0
2.0 18.0 10.0 78.0 22.0
1.0 8.0 2.0 45.0 44.0
1.0 13.0 0.0 50.0 23.0
x
2.0 24.0 1.0 85.0 14.0
4.0 80.0 12.0 96.0 9.0
3.0 27.0 15.0 53.0 2.0
1.0 8.0 3.0 93.0 2.0
2.0 14.0 15.0 81.0 3.0
1.0 13.0 11.0 49.0 43.0
2.0 40.0 6.0 79.0 10.0
3.0 48.0 4.0 57.0 39.0
1.0 18.0 7.0 47.0 44.0
3.0 54.0 1.0 11.0 44.0
3.0 36.0 13.0 97.0 1.0
x
1.0 20.0 1.0 53.0 10.0
3.0 54.0 5.0 0.0 36.0
x
x
1.0 14.0 0.0 9.0 13.0
2.0 40.0 2.0 49.0 11.0
1.0 17.0 1.0 19.0 29.0
4.0 68.0 5.0 32.0 30.0
2.0 26.0 7.0 85.0 30.0
3.0 36.0 15.0 5.0 32.0
5.0 100.0 6.0 81.0 11.0
2.0 28.0 0.0 52.0 31.0
4.0 64.0 6.0 40.0 43.0
x
2.0 30.0 14.0 25.0 1.0
1.0 7.0 9.0 21.0 11.0
x
3.0 42.0 8.0 36.0 5.0
2.0 16.0 2.0 46.0 10.0
4.0 64.0 1.0 66.0 22.0
3.0 45.0 4.0 73.0 4.0
5.0 85.0 1.0 20.0 33.0
4.0 60.0 14.0 71.0 6.0
5.0 55.0 3.0 95.0 8.0
3.0 45.0 10.0 40.0 31.0
5.0 90.0 5.0 39.0 38.0
1.0 7.0 3.0 65.0 25.0
2.0 32.0 2.0 16.0 32.0
3.0 27.0 3.0 13.0 37.0
1.0 16.0 14.0 99.0 19.0
4.0 80.0 8.0 0.0 12.0
3.0 36.0 15.0 84.0 13.0
x
3.0 30.0 13.0 11.0 2.0
x
5.0 90.0 5.0 93.0 41.0
3.0 60.0 1.0 58.0 12.0
5.0 75.0 5.0 56.0 42.0
x
4.0 48.0 0.0 11.0 11.0
4.0 76.0 6.0 96.0 28.0
1.0 14.0 10.0 90.0 32.0
4.0 48.0 0.0 15.0 21.0
1.0 10.0 3.0 56.0 1.0
2.0 30.0 1.0 73.0 11.0
5.0 50.0 3.0 38.0 19.0
4.0 36.0 9.0 0.0 6.0
5.0 90.0 5.0 84.0 43.0
3.0 36.0 0.0 19.0 38.0
2.0 20.0 3.0 62.0 32.0
5.0 55.0 9.0 95.0 10.0
3.0 60.0 7.0 14.0 13.0
4.0 52.0 1.0 80.0 9.0
x
2.0 34.0 4.0 29.0 16.0
4.0 68.0 2.0 5.0 3.0
2.0 26.0 0.0 69.0 6.0
5.0 60.0 10.0 71.0 25.0
x
5.0 70.0 10.0 24.0 21.0
2.0 14.0 7.0 98.0 41.0
3.0 39.0 5.0 69.0 15.0
1.0 20.0 2.0 72.0 13.0
5.0 60.0 7.0 88.0 33.0
1.0 18.0 5.0 98.0 44.0
3.0 48.0 4.0 60.0 23.0
3.0 27.0 15.0 57.0 1.0
5.0 100.0 12.0 5.0 14.0
2.0 26.0 8.0 39.0 14.0
2.0 38.0 1.0 46.0 28.0
3.0 57.0 2.0 79.0 29.0
5.0 45.0 9.0 4.0 33.0
4.0 44.0 12.0 83.0 22.0
5.0 65.0 10.0 66.0 5.0
5.0 45.0 3.0 73.0 17.0
2.0 28.0 10.0 91.0 24.0
5.0 60.0 12.0 78.0 15.0
1.0 13.0 13.0 53.0 19.0
2.0 26.0 13.0 37.0 32.0
3.0 36.0 15.0 87.0 31.0
2.0 16.0 14.0 61.0 37.0
4.0 56.0 11.0 45.0 40.0
2.0 34.0 12.0 45.0 8.0
1.0 16.0 5.0 36.0 34.0
4.0 68.0 6.0 34.0 12.0
2.0 30.0 10.0 37.0 16.0
5.0 100.0 2.0 51.0 14.0
x
3.0 42.0 4.0 79.0 29.0
5.0 90.0 5.0 5.0 22.0
3.0 39.0 0.0 74.0 39.0
3.0 48.0 5.0 53.0 18.0
3.0 45.0 14.0 75.0 21.0
1.0 12.0 13.0 54.0 39.0
5.0 50.0 3.0 43.0 40.0
4.0 60.0 14.0 78.0 39.0
5.0 90.0 5.0 10.0 23.0
5.0 55.0 3.0 67.0 23.0
2.0 32.0 12.0 56.0 17.0
4.0 72.0 5.0 15.0 24.0
x
4.0 76.0 12.0 19.0 29.0
5.0 80.0 4.0 0.0 20.0
x
4.0 72.0 5.0 19.0 27.0
3.0 48.0 14.0 14.0 36.0
x
4.0 36.0 15.0 60.0 39.0
x
3.0 42.0 10.0 29.0 35.0
x
1.0 18.0 5.0 99.0 31.0
x
x
3.0 27.0 15.0 64.0 24.0
x
5.0 95.0 8.0 58.0 30.0
x
3.0 30.0 3.0 19.0 17.0
3.0 45.0 8.0 28.0 40.0
3.0 27.0 9.0 62.0 34.0
x
2.0 24.0 0.0 22.0 40.0
2.0 28.0 10.0 93.0 23.0
3.0 60.0 7.0 17.0 15.0
2.0 40.0 1.0 40.0 15.0
4.0 36.0 3.0 78.0 35.0
3.0 45.0 14.0 82.0 23.0
x
4.0 48.0 0.0 24.0 41.0
5.0 45.0 9.0 9.0 12.0
4.0 56.0 10.0 32.0 27.0
2.0 30.0 2.0 22.0 18.0
4.0 60.0 7.0 74.0 12.0
4.0 60.0 14.0 85.0 0.0
5.0 75.0 6.0 48.0 9.0
5.0 75.0 8.0 31.0 15.0
2.0 24.0 11.0 55.0 3.0
3.0 48.0 4.0 5.0 24.0
1.0 9.0 15.0 67.0 41.0
x
1.0 13.0 0.0 41.0 18.0
5.0 65.0 11.0 50.0 22.0
5.0 90.0 5.0 23.0 32.0
2.0 36.0 12.0 35.0 2.0
3.0 51.0 7.0 57.0 18.0
4.0 40.0 15.0 22.0 29.0
1.0 20.0 8.0 88.0 16.0
1.0 20.0 6.0 4.0 16.0
5.0 80.0 14.0 17.0 13.0
5.0 100.0 8.0 72.0 17.0
5.0 50.0 9.0 28.0 38.0
x
3.0 36.0 15.0 90.0 16.0
4.0 60.0 14.0 89.0 2.0
3.0 54.0 2.0 95.0 6.0
x
x
5.0 65.0 13.0 39.0 23.0
x
1.0 18.0 7.0 48.0 7.0
5.0 45.0 3.0 82.0 7.0
x
5.0 45.0 15.0 68.0 9.0
x
x
3.0 45.0 14.0 93.0 41.0
4.0 80.0 1.0 42.0 17.0
3.0 48.0 4.0 8.0 28.0
1.0 11.0 13.0 76.0 35.0
1.0 12.0 0.0 99.0 17.0
3.0 60.0 6.0 86.0 18.0
1.0 10.0 13.0 14.0 43.0
3.0 60.0 12.0 10.0 18.0
x
4.0 52.0 8.0 41.0 29.0
5.0 50.0 3.0 22.0 44.0
2.0 16.0 8.0 55.0 1.0
1.0 18.0 7.0 49.0 10.0
3.0 45.0 2.0 24.0 37.0
4.0 56.0 5.0 65.0 25.0
1.0 17.0 12.0 47.0 19.0
x
x
x
2.0 36.0 6.0 22.0 13.0
x
x
x
1.0 9.0 8.0 53.0 20.0
1.0 15.0 10.0 43.0 36.0
x
x
x
1.0 16.0 11.0 98.0 21.0
3.0 48.0 11.0 35.0 30.0
3.0 51.0 4.0 31.0 13.0
x
3.0 60.0 7.0 20.0 19.0
1.0 17.0 11.0 93.0 6.0
5.0 65.0 0.0 77.0 35.0
3.0 60.0 2.0 56.0 19.0
1.0 12.0 0.0 72.0 34.0
3.0 45.0 14.0 28.0 38.0
3.0 57.0 1.0 36.0 30.0
x
x
2.0 30.0 14.0 96.0 24.0
3.0 30.0 13.0 15.0 41.0
5.0 65.0 13.0 79.0 36.0
3.0 42.0 10.0 0.0 7.0
1.0 16.0 4.0 26.0 8.0
5.0 75.0 14.0 31.0 28.0
4.0 64.0 10.0 96.0 19.0
2.0 24.0 13.0 56.0 8.0
2.0 20.0 15.0 26.0 42.0
3.0 33.0 15.0 15.0 36.0
1.0 11.0 13.0 77.0 4.0
4.0 40.0 9.0 33.0 4.0
1.0 19.0 7.0 33.0 31.0
1.0 18.0 12.0 37.0 16.0
x
4.0 68.0 11.0 94.0 29.0
3.0 42.0 12.0 69.0 34.0
3.0 30.0 15.0 28.0 7.0
1.0 10.0 8.0 50.0 25.0
4.0 68.0 5.0 45.0 26.0
5.0 80.0 4.0 11.0 34.0
5.0 70.0 14.0 43.0 33.0
2.0 28.0 10.0 3.0 6.0
2.0 30.0 14.0 0.0 35.0
x
5.0 50.0 3.0 27.0 0.0
4.0 56.0 13.0 49.0 13.0
5.0 90.0 1.0 14.0 35.0
5.0 90.0 11.0 18.0 36.0
4.0 60.0 1.0 75.0 43.0
1.0 19.0 2.0 82.0 31.0
5.0 45.0 9.0 14.0 8.0
1.0 16.0 7.0 69.0 35.0
2.0 20.0 9.0 37.0 6.0
1.0 18.0 5.0 89.0 39.0
3.0 33.0 9.0 75.0 37.0
1.0 15.0 4.0 43.0 22.0
1.0 16.0 8.0 70.0 3.0
2.0 22.0 15.0 18.0 6.0
2.0 20.0 3.0 50.0 1.0
4.0 68.0 7.0 60.0 27.0
x
1.0 7.0 1.0 99.0 24.0
4.0 60.0 12.0 65.0 30.0
2.0 30.0 14.0 36.0 27.0
3.0 36.0 5.0 74.0 12.0
2.0 34.0 8.0 68.0 34.0
1.0 11.0 9.0 72.0 1.0
2.0 30.0 11.0 43.0 25.0
3.0 45.0 10.0 44.0 10.0
1.0 11.0 9.0 73.0 19.0
x
2.0 16.0 6.0 73.0 0.0
1.0 9.0 15.0 73.0 10.0
x
x
2.0 32.0 2.0 18.0 12.0
3.0 54.0 7.0 50.0 42.0
x
x
1.0 19.0 6.0 8.0 32.0
5.0 70.0 10.0 5.0 41.0
3.0 48.0 14.0 22.0 10.0
x
1.0 10.0 9.0 88.0 18.0
5.0 70.0 13.0 28.0 16.0
5.0 95.0 7.0 35.0 32.0
1.0 18.0 11.0 23.0 44.0
2.0 28.0 0.0 54.0 32.0
3.0 33.0 3.0 53.0 31.0
2.0 20.0 8.0 51.0 33.0
x
x
3.0 57.0 2.0 83.0 33.0
2.0 32.0 4.0 16.0 0.0
5.0 90.0 11.0 68.0 31.0
x
1.0 14.0 1.0 79.0 37.0
4.0 60.0 5.0 61.0 14.0
1.0 17.0 6.0 30.0 19.0
3.0 51.0 4.0 34.0 10.0
4.0 48.0 13.0 58.0 0.0
5.0 70.0 0.0 56.0 8.0
4.0 56.0 10.0 10.0 38.0
5.0 75.0 10.0 83.0 1.0
x
3.0 27.0 15.0 74.0 23.0
x
3.0 27.0 1.0 93.0 18.0
x
x
5.0 90.0 11.0 73.0 7.0
4.0 52.0 2.0 34.0 43.0
3.0 39.0 12.0 75.0 28.0
4.0 76.0 12.0 23.0 33.0
3.0 51.0 12.0 48.0 0.0
4.0 40.0 14.0 57.0 15.0
x
x
5.0 50.0 15.0 32.0 21.0
4.0 52.0 0.0 82.0 7.0
1.0 8.0 1.0 98.0 19.0
3.0 36.0 0.0 28.0 28.0
x
2.0 18.0 1.0 96.0 13.0
3.0 30.0 13.0 18.0 26.0
3.0 51.0 2.0 9.0 9.0
x
1.0 15.0 10.0 47.0 13.0
2.0 32.0 8.0 26.0 9.0
4.0 76.0 6.0 9.0 34.0
5.0 50.0 9.0 43.0 30.0
x
2.0 40.0 6.0 89.0 20.0
4.0 44.0 3.0 58.0 39.0
3.0 60.0 1.0 28.0 20.0
2.0 22.0 13.0 0.0 11.0
4.0 72.0 11.0 0.0 10.0
4.0 72.0 11.0 4.0 16.0
4.0 60.0 0.0 43.0 36.0
3.0 45.0 14.0 38.0 11.0
3.0 30.0 15.0 37.0 11.0
x
2.0 40.0 12.0 13.0 21.0
x
x
x
4.0 72.0 11.0 8.0 23.0
x
2.0 34.0 6.0 31.0 17.0
1.0 11.0 9.0 78.0 17.0
1.0 18.0 2.0 98.0 28.0
4.0 68.0 1.0 62.0 40.0
