6 44 11
13 12 40
6 0 3
x
8 97 10
5 22 9
x
7 4 4
12 96 8
x
7 64 16
0 30 18
x
10 63 26
8 72 30
10 58 19
5 2 21
3 80 34
15 0 0
5 17 0
11 84 6
x
x
12 15 31
3 85 42
2 71 22
x
x
2 95 10
4 43 23
5 71 44
7 83 9
13 44 4
x
2 64 4
13 71 9
x
6 61 14
5 79 1
x
x
1 2 0
13 77 19
x
5 42 22
14 40 27
11 87 11
12 88 44
1 24 30
5 33 20
12 3 15
15 99 41
12 23 41
12 84 44
15 57 3
10 77 3
9 94 7
15 92 37
7 0 0
2 52 18
8 61 1
10 16 24
9 76 2
4 39 13
15 74 43
13 0 34
1 51 9
15 9 38
x
12 92 5
0 90 9
x
0 93 34
x
x
2 99 20
x
2 72 23
5 54 12
3 58 36
0 96 42
x
x
10 46 6
9 48 23
x
8 94 9
x
12 78 11
6 95 31
3 27 29
12 94 34
15 4 1
12 54 32
12 20 35
10 21 7
x
8 99 3
3 32 23
14 70 40
6 35 19
4 80 18
2 87 2
4 82 14
x
2 13 17
10 96 2
9 80 8
14 62 8
7 27 32
2 84 44
x
3 48 23
2 0 28
1 33 32
1 95 8
1 7 1
0 25 15
x
11 79 3
11 91 29
x
3 44 41
7 53 30
12 42 16
7 44 8
6 4 35
x
3 95 0
8 66 41
x
3 56 2
12 7 19
5 45 8
1 49 5
6 76 10
2 62 0
7 1 1
x
14 23 44
2 18 13
9 83 28
3 5 24
x
8 36 32
14 74 22
9 3 13
5 36 31
9 50 24
1 62 13
14 51 12
9 86 29
14 60 37
5 39 10
6 91 28
13 17 32
x
4 83 21
10 91 44
13 59 39
15 97 44
8 13 17
9 64 26
0 5 35
6 9 42
10 0 41
13 22 28
6 68 41
8 58 44
5 37 30
x
13 4 42
14 95 34
5 18 2
x
x
11 43 33
6 69 4
3 67 1
4 68 33
13 79 6
2 78 33
14 78 23
11 18 34
2 58 26
13 8 43
1 97 23
7 49 12
0 52 36
x
11 54 17
13 46 5
6 70 5
14 82 24
11 48 16
2 32 16
9 78 41
13 84 7
11 74 39
9 24 39
6 60 21
11 0 40
4 85 19
13 94 41
x
5 66 13
5 68 34
9 28 37
2 24 3
12 59 28
12 70 10
x
x
x
12 86 24
1 9 44
14 0 0
10 72 11
x
7 8 11
11 28 42
6 39 30
1 40 16
x
8 82 4
0 78 25
14 15 4
x
14 86 3
7 32 36
x
3 36 24
8 87 16
14 17 5
5 30 44
x
11 4 41
x
6 27 18
10 66 14
0 8 8
1 0 42
x
10 53 40
12 47 14
10 18 35
8 52 12
6 50 40
15 60 10
14 53 33
4 29 35
5 43 23
15 24 6
9 32 38
12 21 36
14 57 13
10 68 30
0 0 2
x
x
2 28 31
4 64 9
0 21 17
x
1 18 21
11 36 14
0 11 43
10 40 36
1 20 31
3 50 20
13 21 22
14 97 17
x
15 26 7
6 82 17
3 8 31
9 41 18
13 24 38
0 46 20
8 92 6
10 43 37
6 6 37
11 21 35
15 28 2
x
2 63 1
11 24 36
x
x
2 17 29
6 2 6
1 8 4
12 37 13
0 86 28
2 25 21
1 28 19
4 73 20
7 58 10
x
4 41 43
3 17 5
x
8 33 10
9 19 31
8 18 11
0 55 37
14 7 41
8 24 19
9 36 4
0 58 38
4 34 36
0 99 13
5 31 32
9 16 36
14 99 35
5 96 17
13 62 23
x
3 38 2
x
4 45 37
2 68 11
14 31 15
x
15 41 20
7 23 28
6 43 9
8 41 18
14 48 42
7 62 31
6 63 16
1 91 2
4 50 38
13 65 24
14 49 31
9 43 5
12 0 12
12 66 30
15 79 19
14 3 1
8 9 14
0 88 29
14 43 11
x
5 56 11
9 21 18
0 14 31
7 2 2
6 55 12
1 38 37
10 83 38
3 11 39
8 0 20
14 38 18
1 58 25
5 85 26
7 93 17
11 49 32
7 78 15
0 33 20
14 36 28
15 45 25
0 41 41
13 89 44
13 68 3
14 58 36
6 46 26
14 5 2
14 12 36
6 23 15
2 11 32
6 86 20
x
13 28 35
4 55 39
10 60 17
0 48 0
13 49 0
13 98 8
9 11 10
0 67 4
4 0 40
8 45 22
1 22 33
11 8 21
1 99 27
1 44 29
10 86 4
x
11 12 22
0 43 1
x
12 80 6
11 64 30
13 31 36
x
7 33 38
x
x
4 90 0
x
5 5 33
x
3 41 6
13 52 1
11 56 1
x
9 66 0
12 60 29
1 55 12
7 6 7
3 76 21
10 29 25
x
9 70 44
2 40 25
2 20 27
8 22 33
0 74 5
10 4 8
7 68 22
8 28 23
9 68 1
14 64 25
13 76 31
x
14 26 30
5 61 19
7 38 42
7 36 43
8 68 7
9 7 3
12 90 2
7 3 3
10 24 5
7 18 21
1 86 26
x
15 32 8
1 67 18
11 68 37
x
x
15 14 4
x
12 22 38
5 74 40
x
11 59 9
x
x
14 28 26
7 14 18
4 60 26
13 75 26
13 99 28
8 84 13
15 55 43
6 79 13
x
0 17 10
7 88 27
3 90 39
6 8 39
4 24 27
0 82 39
7 43 5
7 98 29
x
x
5 11 43
4 98 4
x
x
11 53 0
6 32 32
x
x
3 92 5
14 13 37
11 96 27
7 46 25
x
7 11 14
5 19 6
15 19 5
5 93 14
13 56 29
10 32 39
8 5 27
5 82 28
x
5 47 15
9 54 21
1 81 22
13 34 37
14 14 38
1 71 24
2 7 12
13 57 25
12 75 17
15 63 26
10 35 27
3 19 8
2 57 24
1 60 39
13 26 35
4 15 34
13 37 38
9 57 34
3 65 41
5 26 42
14 90 21
11 38 12
0 71 44
12 52 20
x
2 35 35
13 40 2
12 29 43
4 5 22
10 8 34
5 84 24
4 93 15
10 37 0
9 52 20
7 35 40
15 66 27
6 34 33
10 38 1
15 51 23
5 69 18
1 14 43
x
10 79 22
10 12 42
11 30 28
15 35 28
5 20 4
9 99 35
6 37 29
0 61 6
9 75 36
x
6 71 0
12 77 1
x
x
14 19 6
11 71 38
x
x
12 99 25
7 73 13
14 67 39
x
10 94 13
1 76 14
8 77 34
5 10 40
10 98 9
3 53 35
3 62 44
0 38 13
x
12 12 27
14 21 7
6 15 23
10 80 16
11 16 10
10 49 43
2 92 7
12 34 26
9 90 6
4 75 16
12 62 21
5 49 3
15 82 7
3 14 37
x
3 73 38
x
x
4 10 24
15 84 35
13 91 20
5 88 29
6 20 27
3 23 28
x
x
3 0 7
15 88 36
9 63 30
15 38 29
x
8 50 25
9 60 42
1 11 3
x
11 99 15
2 5 19
2 74 30
15 69 14
x
5 0 7
12 71 33
2 49 15
15 53 24
12 25 23
6 11 24
11 32 31
0 64 7
9 0 43
6 73 22
2 66 8
2 45 41
x
x
5 13 25
x
2 93 5
15 50 39
2 83 41
4 19 8
