2.0 28.0 5.0 42.0 11.0
5.0 55.0 13.0 12.0 40.0
2.0 40.0 6.0 0.0 3.0
x
1.0 6.0 3.0 56.0 4.0
4.0 68.0 5.0 33.0 9.0
x
2.0 40.0 7.0 4.0 4.0
3.0 60.0 1.0 51.0 8.0
x
4.0 60.0 12.0 62.0 16.0
3.0 27.0 2.0 43.0 18.0
x
3.0 36.0 12.0 75.0 26.0
5.0 95.0 8.0 77.0 30.0
2.0 26.0 4.0 84.0 19.0
1.0 19.0 6.0 4.0 21.0
5.0 45.0 3.0 77.0 34.0
4.0 56.0 13.0 49.0 0.0
1.0 17.0 1.0 11.0 0.0
3.0 51.0 5.0 30.0 6.0
x
x
5.0 95.0 12.0 19.0 31.0
5.0 45.0 9.0 4.0 42.0
1.0 19.0 7.0 23.0 22.0
x
x
4.0 68.0 8.0 14.0 10.0
1.0 12.0 14.0 97.0 23.0
3.0 27.0 3.0 0.0 44.0
5.0 55.0 4.0 90.0 9.0
2.0 26.0 0.0 69.0 4.0
x
2.0 40.0 2.0 64.0 4.0
4.0 48.0 0.0 11.0 9.0
x
2.0 20.0 14.0 56.0 14.0
3.0 24.0 0.0 36.0 1.0
x
x
5.0 90.0 6.0 16.0 0.0
1.0 8.0 8.0 7.0 19.0
x
1.0 19.0 2.0 71.0 22.0
3.0 36.0 6.0 61.0 27.0
4.0 68.0 6.0 26.0 11.0
1.0 6.0 5.0 91.0 5.0
3.0 33.0 14.0 53.0 30.0
3.0 48.0 2.0 12.0 20.0
4.0 80.0 6.0 82.0 15.0
1.0 11.0 13.0 99.0 41.0
2.0 36.0 8.0 63.0 41.0
2.0 16.0 9.0 19.0 44.0
3.0 33.0 13.0 0.0 3.0
2.0 16.0 3.0 92.0 3.0
5.0 60.0 15.0 88.0 7.0
5.0 65.0 13.0 40.0 37.0
1.0 20.0 7.0 0.0 0.0
5.0 100.0 6.0 86.0 18.0
5.0 90.0 8.0 9.0 1.0
1.0 12.0 6.0 32.0 24.0
2.0 22.0 15.0 95.0 2.0
1.0 11.0 11.0 54.0 13.0
5.0 45.0 3.0 82.0 43.0
4.0 48.0 0.0 15.0 34.0
3.0 60.0 8.0 94.0 9.0
5.0 65.0 13.0 79.0 38.0
x
2.0 40.0 12.0 92.0 5.0
3.0 39.0 10.0 12.0 9.0
x
3.0 39.0 10.0 49.0 34.0
x
x
1.0 14.0 7.0 75.0 20.0
x
1.0 19.0 12.0 94.0 23.0
2.0 28.0 4.0 78.0 12.0
4.0 44.0 9.0 95.0 36.0
3.0 39.0 10.0 52.0 42.0
x
x
2.0 30.0 14.0 64.0 6.0
2.0 20.0 15.0 42.0 23.0
x
3.0 60.0 6.0 76.0 9.0
x
2.0 18.0 11.0 60.0 11.0
5.0 95.0 6.0 8.0 31.0
5.0 50.0 9.0 31.0 29.0
1.0 18.0 6.0 97.0 34.0
4.0 56.0 13.0 28.0 1.0
5.0 75.0 14.0 32.0 32.0
1.0 18.0 6.0 98.0 35.0
2.0 30.0 14.0 66.0 7.0
x
1.0 6.0 0.0 39.0 13.0
3.0 27.0 3.0 3.0 23.0
4.0 64.0 4.0 0.0 40.0
2.0 30.0 1.0 67.0 19.0
2.0 24.0 7.0 86.0 18.0
5.0 90.0 2.0 92.0 2.0
1.0 11.0 4.0 62.0 14.0
x
4.0 60.0 2.0 18.0 17.0
2.0 32.0 14.0 3.0 2.0
3.0 33.0 15.0 9.0 8.0
1.0 6.0 3.0 65.0 16.0
5.0 95.0 7.0 35.0 32.0
3.0 54.0 2.0 89.0 44.0
x
1.0 9.0 9.0 41.0 23.0
5.0 85.0 7.0 58.0 28.0
5.0 95.0 1.0 0.0 32.0
2.0 16.0 6.0 70.0 8.0
1.0 17.0 6.0 21.0 1.0
5.0 55.0 12.0 78.0 15.0
x
5.0 90.0 5.0 25.0 3.0
5.0 85.0 2.0 7.0 29.0
x
4.0 40.0 3.0 95.0 41.0
5.0 85.0 12.0 49.0 30.0
5.0 85.0 1.0 62.0 16.0
2.0 34.0 7.0 49.0 8.0
1.0 18.0 1.0 47.0 35.0
x
5.0 60.0 9.0 66.0 0.0
2.0 34.0 1.0 14.0 41.0
x
1.0 10.0 9.0 99.0 2.0
5.0 100.0 7.0 18.0 19.0
2.0 30.0 4.0 20.0 8.0
2.0 40.0 1.0 49.0 5.0
3.0 60.0 7.0 8.0 10.0
1.0 20.0 2.0 62.0 0.0
1.0 20.0 7.0 1.0 1.0
x
3.0 48.0 4.0 51.0 44.0
2.0 28.0 6.0 54.0 13.0
3.0 33.0 15.0 12.0 28.0
3.0 27.0 3.0 6.0 24.0
x
5.0 65.0 10.0 65.0 32.0
4.0 64.0 4.0 4.0 22.0
4.0 40.0 15.0 57.0 13.0
1.0 15.0 2.0 99.0 31.0
2.0 20.0 15.0 44.0 24.0
5.0 80.0 8.0 27.0 13.0
2.0 18.0 2.0 41.0 12.0
3.0 33.0 15.0 15.0 29.0
2.0 14.0 1.0 97.0 22.0
3.0 60.0 2.0 68.0 10.0
4.0 76.0 12.0 15.0 28.0
4.0 36.0 5.0 79.0 32.0
x
2.0 22.0 7.0 88.0 21.0
3.0 45.0 14.0 68.0 44.0
3.0 36.0 0.0 85.0 39.0
2.0 24.0 13.0 53.0 44.0
5.0 85.0 8.0 22.0 17.0
1.0 6.0 15.0 82.0 10.0
3.0 45.0 10.0 45.0 35.0
2.0 36.0 12.0 29.0 42.0
4.0 60.0 14.0 77.0 41.0
2.0 16.0 8.0 55.0 28.0
1.0 8.0 9.0 62.0 41.0
3.0 54.0 8.0 65.0 44.0
1.0 11.0 6.0 64.0 30.0
x
4.0 48.0 0.0 19.0 42.0
2.0 30.0 4.0 60.0 34.0
1.0 17.0 1.0 12.0 2.0
x
x
5.0 65.0 12.0 70.0 33.0
1.0 8.0 9.0 63.0 4.0
5.0 60.0 9.0 90.0 1.0
5.0 75.0 4.0 73.0 33.0
5.0 70.0 0.0 59.0 6.0
5.0 95.0 2.0 81.0 33.0
4.0 64.0 4.0 8.0 23.0
3.0 54.0 5.0 0.0 34.0
3.0 57.0 7.0 25.0 26.0
4.0 48.0 0.0 23.0 43.0
2.0 16.0 7.0 96.0 23.0
4.0 68.0 7.0 54.0 12.0
3.0 45.0 10.0 83.0 36.0
x
2.0 18.0 13.0 20.0 17.0
2.0 26.0 0.0 71.0 5.0
1.0 8.0 8.0 90.0 5.0
4.0 64.0 4.0 12.0 24.0
1.0 11.0 8.0 70.0 16.0
3.0 33.0 6.0 65.0 16.0
2.0 22.0 15.0 97.0 41.0
5.0 70.0 0.0 64.0 7.0
4.0 72.0 5.0 87.0 39.0
4.0 44.0 15.0 18.0 39.0
1.0 10.0 13.0 17.0 21.0
4.0 72.0 5.0 5.0 40.0
5.0 55.0 15.0 32.0 19.0
4.0 52.0 0.0 79.0 41.0
x
2.0 22.0 5.0 75.0 13.0
1.0 10.0 7.0 90.0 34.0
4.0 44.0 15.0 22.0 37.0
1.0 12.0 14.0 1.0 3.0
1.0 14.0 5.0 37.0 28.0
1.0 11.0 0.0 97.0 10.0
x
x
x
2.0 16.0 14.0 59.0 24.0
2.0 34.0 6.0 24.0 44.0
2.0 34.0 4.0 41.0 0.0
5.0 45.0 9.0 9.0 11.0
1.0 5.0 15.0 99.0 35.0
3.0 60.0 12.0 0.0 11.0
2.0 30.0 4.0 69.0 42.0
4.0 60.0 7.0 71.0 30.0
4.0 80.0 7.0 14.0 16.0
1.0 5.0 1.0 99.0 7.0
1.0 7.0 6.0 72.0 41.0
4.0 56.0 10.0 0.0 25.0
2.0 32.0 4.0 38.0 4.0
x
4.0 64.0 4.0 16.0 3.0
1.0 18.0 7.0 32.0 36.0
x
1.0 9.0 9.0 43.0 24.0
4.0 80.0 2.0 52.0 16.0
2.0 32.0 4.0 45.0 5.0
1.0 16.0 11.0 26.0 44.0
x
4.0 72.0 5.0 9.0 41.0
x
5.0 85.0 5.0 49.0 18.0
2.0 22.0 11.0 55.0 14.0
2.0 26.0 10.0 37.0 8.0
2.0 36.0 6.0 14.0 42.0
x
5.0 75.0 8.0 34.0 40.0
5.0 80.0 5.0 54.0 14.0
3.0 48.0 14.0 5.0 35.0
5.0 45.0 3.0 87.0 12.0
5.0 65.0 2.0 31.0 40.0
3.0 33.0 13.0 3.0 10.0
4.0 36.0 15.0 66.0 33.0
5.0 90.0 11.0 18.0 35.0
1.0 19.0 6.0 6.0 23.0
2.0 24.0 13.0 45.0 6.0
4.0 44.0 15.0 26.0 38.0
1.0 18.0 2.0 86.0 36.0
1.0 8.0 10.0 15.0 13.0
4.0 40.0 1.0 93.0 30.0
5.0 80.0 10.0 40.0 2.0
x
x
4.0 48.0 0.0 27.0 31.0
4.0 64.0 11.0 31.0 9.0
4.0 48.0 14.0 49.0 17.0
x
2.0 32.0 11.0 98.0 21.0
2.0 28.0 7.0 77.0 14.0
3.0 39.0 10.0 55.0 43.0
3.0 48.0 14.0 8.0 36.0
2.0 32.0 7.0 63.0 31.0
2.0 18.0 9.0 44.0 20.0
1.0 8.0 14.0 58.0 22.0
1.0 13.0 11.0 16.0 17.0
x
2.0 24.0 13.0 94.0 7.0
4.0 80.0 12.0 6.0 17.0
3.0 27.0 9.0 46.0 31.0
1.0 8.0 4.0 95.0 18.0
2.0 14.0 7.0 98.0 37.0
1.0 13.0 10.0 35.0 20.0
2.0 40.0 8.0 92.0 6.0
3.0 48.0 14.0 11.0 37.0
1.0 18.0 6.0 99.0 37.0
3.0 54.0 5.0 39.0 35.0
3.0 36.0 13.0 96.0 2.0
x
1.0 20.0 2.0 63.0 1.0
3.0 54.0 5.0 93.0 36.0
x
x
1.0 14.0 12.0 40.0 29.0
2.0 40.0 6.0 2.0 6.0
1.0 17.0 6.0 22.0 4.0
4.0 68.0 12.0 45.0 13.0
2.0 26.0 10.0 8.0 28.0
3.0 36.0 1.0 85.0 21.0
5.0 100.0 2.0 56.0 19.0
2.0 28.0 8.0 39.0 20.0
4.0 64.0 6.0 40.0 10.0
x
2.0 30.0 2.0 16.0 43.0
1.0 7.0 3.0 71.0 4.0
1.0 5.0 0.0 99.0 14.0
3.0 42.0 11.0 45.0 10.0
2.0 16.0 3.0 62.0 31.0
4.0 64.0 7.0 65.0 11.0
3.0 45.0 10.0 86.0 37.0
5.0 85.0 4.0 31.0 41.0
4.0 60.0 5.0 59.0 19.0
5.0 55.0 15.0 37.0 4.0
3.0 45.0 10.0 89.0 38.0
5.0 90.0 11.0 68.0 36.0
1.0 7.0 3.0 99.0 5.0
2.0 32.0 6.0 30.0 32.0
3.0 27.0 3.0 9.0 36.0
1.0 16.0 4.0 26.0 35.0
4.0 80.0 1.0 40.0 17.0
3.0 36.0 0.0 88.0 23.0
1.0 5.0 3.0 36.0 4.0
3.0 30.0 3.0 53.0 2.0
x
5.0 90.0 11.0 73.0 37.0
3.0 60.0 1.0 55.0 11.0
5.0 75.0 14.0 37.0 15.0
x
4.0 48.0 13.0 65.0 20.0
4.0 76.0 6.0 93.0 28.0
1.0 14.0 7.0 76.0 9.0
4.0 48.0 10.0 70.0 18.0
1.0 10.0 11.0 57.0 42.0
2.0 30.0 11.0 35.0 31.0
5.0 50.0 15.0 61.0 16.0
4.0 36.0 9.0 58.0 2.0
5.0 90.0 11.0 0.0 38.0
3.0 36.0 0.0 91.0 24.0
2.0 20.0 5.0 77.0 31.0
5.0 55.0 9.0 75.0 5.0
3.0 60.0 8.0 84.0 12.0
4.0 52.0 4.0 86.0 30.0
3.0 24.0 10.0 78.0 19.0
2.0 34.0 4.0 24.0 1.0
4.0 68.0 2.0 3.0 14.0
2.0 26.0 10.0 10.0 29.0
5.0 60.0 2.0 36.0 11.0
x
5.0 70.0 8.0 41.0 11.0
2.0 14.0 6.0 73.0 38.0
3.0 39.0 10.0 58.0 31.0
1.0 20.0 7.0 2.0 2.0
5.0 60.0 1.0 88.0 12.0
1.0 18.0 1.0 37.0 37.0
3.0 48.0 14.0 14.0 38.0
3.0 27.0 9.0 49.0 39.0
5.0 100.0 12.0 10.0 20.0
2.0 26.0 12.0 68.0 18.0
2.0 38.0 6.0 91.0 25.0
3.0 57.0 1.0 44.0 26.0
5.0 45.0 15.0 70.0 17.0
4.0 44.0 8.0 51.0 32.0
5.0 65.0 5.0 70.0 15.0
5.0 45.0 9.0 14.0 20.0
2.0 28.0 14.0 42.0 28.0
5.0 60.0 13.0 69.0 25.0
1.0 13.0 10.0 99.0 41.0
2.0 26.0 0.0 74.0 44.0
3.0 36.0 0.0 94.0 3.0
2.0 16.0 15.0 80.0 36.0
4.0 56.0 4.0 80.0 26.0
2.0 34.0 4.0 29.0 2.0
1.0 16.0 4.0 43.0 36.0
4.0 68.0 1.0 19.0 15.0
2.0 30.0 12.0 60.0 32.0
5.0 100.0 1.0 28.0 20.0
x
3.0 42.0 0.0 0.0 35.0
5.0 90.0 11.0 5.0 39.0
3.0 39.0 7.0 83.0 17.0
3.0 48.0 10.0 96.0 0.0
3.0 45.0 0.0 48.0 0.0
1.0 12.0 0.0 9.0 8.0
5.0 50.0 3.0 38.0 10.0
4.0 60.0 10.0 27.0 4.0
5.0 90.0 11.0 10.0 40.0
5.0 55.0 0.0 31.0 22.0
2.0 32.0 6.0 38.0 33.0
4.0 72.0 5.0 13.0 21.0
1.0 6.0 12.0 88.0 44.0
4.0 76.0 7.0 28.0 29.0
5.0 80.0 14.0 17.0 4.0
x
4.0 72.0 5.0 17.0 22.0
3.0 48.0 10.0 18.0 1.0
x
4.0 36.0 3.0 73.0 6.0
2.0 14.0 14.0 61.0 18.0
3.0 42.0 0.0 3.0 36.0
x
1.0 18.0 7.0 33.0 38.0
x
x
3.0 27.0 3.0 12.0 0.0
x
5.0 95.0 8.0 58.0 33.0
x
3.0 30.0 9.0 83.0 6.0
3.0 45.0 0.0 43.0 1.0
3.0 27.0 3.0 15.0 1.0
x
2.0 24.0 15.0 0.0 0.0
2.0 28.0 5.0 63.0 29.0
3.0 60.0 6.0 79.0 12.0
2.0 40.0 7.0 6.0 7.0
4.0 36.0 9.0 0.0 21.0
3.0 45.0 14.0 71.0 25.0
x
4.0 48.0 15.0 4.0 44.0
5.0 45.0 15.0 75.0 25.0
4.0 56.0 7.0 79.0 27.0
2.0 30.0 7.0 69.0 33.0
4.0 60.0 10.0 31.0 5.0
4.0 60.0 14.0 81.0 8.0
5.0 75.0 6.0 49.0 22.0
5.0 75.0 2.0 22.0 23.0
2.0 24.0 15.0 2.0 1.0
3.0 48.0 4.0 54.0 25.0
1.0 9.0 15.0 30.0 31.0
x
1.0 13.0 11.0 48.0 30.0
5.0 65.0 11.0 49.0 19.0
5.0 90.0 7.0 43.0 42.0
2.0 36.0 7.0 41.0 43.0
3.0 51.0 11.0 23.0 7.0
4.0 40.0 9.0 27.0 3.0
1.0 20.0 12.0 90.0 2.0
1.0 20.0 7.0 3.0 3.0
5.0 80.0 14.0 22.0 5.0
5.0 100.0 8.0 72.0 21.0
5.0 50.0 3.0 43.0 26.0
x
3.0 36.0 13.0 56.0 8.0
4.0 60.0 1.0 71.0 18.0
3.0 54.0 5.0 96.0 37.0
x
x
5.0 65.0 13.0 84.0 4.0
x
1.0 18.0 2.0 87.0 38.0
5.0 45.0 7.0 91.0 40.0
x
5.0 45.0 12.0 83.0 9.0
x
x
3.0 45.0 6.0 46.0 26.0
4.0 80.0 8.0 0.0 18.0
3.0 48.0 11.0 28.0 26.0
1.0 11.0 0.0 98.0 26.0
1.0 12.0 0.0 46.0 28.0
3.0 60.0 7.0 11.0 13.0
1.0 10.0 13.0 18.0 43.0
3.0 60.0 2.0 49.0 13.0
x
4.0 52.0 10.0 61.0 10.0
5.0 50.0 3.0 19.0 27.0
2.0 16.0 3.0 50.0 39.0
1.0 18.0 8.0 82.0 39.0
3.0 45.0 11.0 37.0 27.0
4.0 56.0 10.0 4.0 39.0
1.0 17.0 7.0 48.0 5.0
2.0 14.0 9.0 21.0 30.0
x
x
2.0 36.0 1.0 5.0 43.0
2.0 14.0 11.0 64.0 29.0
x
x
1.0 9.0 3.0 34.0 0.0
1.0 15.0 2.0 15.0 32.0
x
x
2.0 14.0 2.0 46.0 41.0
1.0 16.0 4.0 36.0 37.0
3.0 48.0 1.0 23.0 27.0
3.0 51.0 7.0 51.0 25.0
x
3.0 60.0 12.0 3.0 14.0
1.0 17.0 1.0 13.0 6.0
5.0 65.0 13.0 89.0 5.0
3.0 60.0 1.0 58.0 14.0
1.0 12.0 0.0 41.0 29.0
3.0 45.0 14.0 74.0 39.0
3.0 57.0 2.0 74.0 27.0
1.0 6.0 8.0 97.0 3.0
x
2.0 30.0 4.0 71.0 15.0
3.0 30.0 15.0 48.0 21.0
5.0 65.0 8.0 46.0 22.0
3.0 42.0 0.0 6.0 37.0
1.0 16.0 4.0 37.0 38.0
5.0 75.0 1.0 75.0 24.0
4.0 64.0 12.0 56.0 12.0
2.0 24.0 0.0 83.0 25.0
2.0 20.0 6.0 68.0 17.0
3.0 33.0 13.0 6.0 26.0
1.0 11.0 4.0 22.0 27.0
4.0 40.0 3.0 67.0 8.0
1.0 19.0 7.0 24.0 24.0
1.0 18.0 6.0 13.0 39.0
1.0 6.0 8.0 99.0 8.0
4.0 68.0 11.0 94.0 34.0
3.0 42.0 0.0 52.0 38.0
3.0 30.0 9.0 86.0 34.0
1.0 10.0 9.0 80.0 41.0
4.0 68.0 8.0 18.0 42.0
5.0 80.0 4.0 64.0 21.0
5.0 70.0 14.0 44.0 12.0
2.0 28.0 10.0 21.0 44.0
2.0 30.0 6.0 44.0 20.0
x
5.0 50.0 3.0 24.0 35.0
4.0 56.0 0.0 55.0 2.0
5.0 90.0 12.0 35.0 43.0
5.0 90.0 11.0 79.0 22.0
4.0 60.0 14.0 85.0 34.0
1.0 19.0 2.0 72.0 24.0
5.0 45.0 13.0 22.0 15.0
1.0 16.0 14.0 99.0 0.0
2.0 20.0 15.0 46.0 20.0
1.0 18.0 7.0 40.0 40.0
3.0 33.0 13.0 9.0 27.0
1.0 15.0 1.0 26.0 33.0
1.0 16.0 14.0 0.0 1.0
2.0 22.0 13.0 74.0 23.0
2.0 20.0 11.0 58.0 18.0
4.0 68.0 6.0 34.0 43.0
x
1.0 7.0 9.0 64.0 13.0
4.0 60.0 14.0 89.0 42.0
2.0 30.0 1.0 69.0 28.0
3.0 36.0 13.0 59.0 28.0
2.0 34.0 8.0 68.0 4.0
1.0 11.0 15.0 93.0 35.0
2.0 30.0 8.0 32.0 29.0
3.0 45.0 10.0 92.0 6.0
1.0 11.0 15.0 94.0 36.0
x
2.0 16.0 11.0 62.0 0.0
1.0 9.0 3.0 48.0 1.0
x
x
2.0 32.0 4.0 47.0 6.0
3.0 54.0 5.0 84.0 38.0
x
x
1.0 19.0 12.0 98.0 25.0
5.0 70.0 1.0 80.0 13.0
3.0 48.0 4.0 57.0 39.0
x
1.0 10.0 13.0 19.0 13.0
5.0 70.0 6.0 56.0 14.0
5.0 95.0 12.0 24.0 34.0
1.0 18.0 1.0 38.0 40.0
2.0 28.0 12.0 66.0 9.0
3.0 33.0 9.0 71.0 35.0
2.0 20.0 9.0 81.0 44.0
x
x
3.0 57.0 8.0 4.0 27.0
2.0 32.0 4.0 49.0 7.0
5.0 90.0 11.0 84.0 23.0
x
1.0 14.0 12.0 99.0 10.0
4.0 60.0 14.0 93.0 43.0
1.0 17.0 6.0 23.0 7.0
3.0 51.0 2.0 0.0 26.0
4.0 48.0 15.0 84.0 6.0
5.0 70.0 5.0 65.0 16.0
4.0 56.0 2.0 27.0 21.0
5.0 75.0 11.0 40.0 3.0
1.0 6.0 5.0 99.0 26.0
3.0 27.0 9.0 52.0 37.0
x
3.0 27.0 9.0 55.0 38.0
x
x
5.0 90.0 11.0 89.0 24.0
4.0 52.0 13.0 32.0 35.0
3.0 39.0 0.0 76.0 20.0
4.0 76.0 1.0 33.0 29.0
3.0 51.0 12.0 42.0 27.0
4.0 40.0 3.0 58.0 28.0
x
1.0 6.0 10.0 81.0 27.0
5.0 50.0 3.0 29.0 7.0
4.0 52.0 13.0 36.0 36.0
1.0 8.0 10.0 16.0 30.0
3.0 36.0 13.0 62.0 29.0
x
2.0 18.0 15.0 54.0 25.0
3.0 30.0 15.0 51.0 42.0
3.0 51.0 1.0 16.0 3.0
x
1.0 15.0 11.0 15.0 15.0
2.0 32.0 12.0 54.0 19.0
4.0 76.0 2.0 77.0 30.0
5.0 50.0 9.0 36.0 14.0
x
2.0 40.0 2.0 66.0 7.0
4.0 44.0 10.0 74.0 33.0
3.0 60.0 8.0 87.0 15.0
2.0 22.0 13.0 76.0 24.0
4.0 72.0 5.0 21.0 23.0
4.0 72.0 12.0 31.0 24.0
4.0 60.0 14.0 28.0 31.0
3.0 45.0 10.0 24.0 7.0
3.0 30.0 9.0 24.0 43.0
x
2.0 40.0 12.0 96.0 8.0
3.0 24.0 4.0 96.0 41.0
1.0 6.0 4.0 99.0 28.0
x
4.0 72.0 1.0 7.0 25.0
x
2.0 34.0 2.0 97.0 5.0
1.0 11.0 13.0 47.0 39.0
1.0 18.0 2.0 88.0 41.0
4.0 68.0 5.0 45.0 8.0
