0 0 44
4 81 30
10 37 0
x
x
6 26 28
x
3 50 0
4 41 1
x
4 51 18
9 49 10
x
14 40 13
6 76 21
14 96 41
2 60 22
3 0 28
14 66 11
12 33 0
6 30 1
x
x
12 2 22
13 65 15
6 81 23
x
x
6 34 4
9 73 3
15 45 30
4 86 3
10 46 2
3 88 10
14 0 1
13 37 17
x
14 51 14
13 8 14
x
9 5 42
2 83 34
10 67 24
9 9 30
8 87 23
13 41 9
1 14 5
x
11 58 16
12 58 37
12 96 2
14 50 8
8 81 35
3 92 41
10 4 9
9 13 21
4 76 19
12 78 18
3 65 2
1 49 3
1 32 35
0 76 12
10 7 15
10 9 1
3 5 3
13 44 23
12 92 3
14 28 6
x
2 62 4
7 69 34
x
4 69 22
x
x
7 65 21
9 15 27
12 7 24
7 66 2
0 91 10
11 49 26
15 78 20
9 19 36
6 69 9
13 63 2
x
0 48 4
x
9 52 4
8 0 24
15 14 41
6 93 36
0 2 35
11 83 20
2 88 36
6 71 29
x
x
7 94 27
2 13 42
6 73 37
15 6 37
7 21 37
7 93 24
x
14 3 23
8 21 10
15 89 34
x
7 10 25
2 89 37
x
15 48 20
6 38 11
6 82 25
13 11 39
7 46 15
0 95 5
x
12 13 38
2 0 16
x
4 93 16
12 34 20
5 11 21
12 39 36
7 26 38
10 68 17
8 48 2
8 9 37
x
15 19 32
5 39 5
4 55 5
6 0 5
5 0 6
6 6 6
8 99 7
x
4 29 23
14 70 18
15 92 21
7 97 36
x
12 83 8
2 17 39
15 20 9
12 67 44
15 24 15
11 69 41
0 31 43
11 61 8
x
6 2 7
6 87 26
3 31 35
x
11 64 17
7 58 11
13 79 24
0 77 34
12 42 40
x
2 31 21
1 37 39
4 57 31
10 73 1
0 33 25
6 94 39
10 10 20
13 13 31
8 53 22
4 61 32
11 68 42
x
x
0 59 15
0 34 44
9 90 32
2 34 6
5 60 19
1 40 26
11 74 1
6 97 40
1 45 27
0 79 26
13 17 24
6 43 2
4 0 35
x
3 10 1
8 41 17
13 19 37
2 21 24
9 82 39
0 11 7
10 11 25
14 72 33
8 58 40
10 13 1
4 97 17
7 27 41
15 95 12
4 72 42
0 35 34
3 58 18
10 49 33
3 60 23
10 24 43
7 68 13
13 93 42
x
x
x
13 20 22
2 5 10
7 47 23
15 49 23
x
4 24 8
4 3 36
1 80 25
10 96 8
x
x
0 6 37
5 20 30
x
5 22 34
8 62 41
x
13 70 32
3 53 9
6 55 3
12 61 25
x
6 8 42
x
1 18 31
4 91 24
9 66 23
7 31 42
x
2 39 26
4 32 7
4 37 13
3 12 5
10 83 5
9 83 28
9 54 40
12 18 43
6 91 27
0 83 30
0 14 22
7 33 43
0 39 38
14 53 39
8 23 4
x
x
7 76 33
8 28 14
13 82 40
x
5 26 20
5 65 42
7 72 28
2 25 28
12 62 5
15 54 20
13 22 25
12 88 38
x
0 85 3
0 43 9
13 71 22
13 23 35
x
13 49 38
7 0 10
11 0 38
8 63 44
7 35 44
14 43 20
x
14 99 10
5 93 36
x
x
5 67 23
8 92 11
6 47 0
1 23 15
10 88 24
10 25 39
3 95 11
14 77 5
5 28 43
10 75 0
8 34 39
x
x
14 79 21
10 80 7
6 57 22
11 88 13
1 62 29
2 44 1
9 24 6
14 7 42
2 92 38
x
12 64 32
15 57 38
12 66 6
8 94 12
9 95 12
x
10 50 40
x
6 12 41
7 2 12
4 5 28
x
14 46 29
8 72 28
4 64 41
0 87 14
10 53 4
5 45 24
15 26 25
13 74 7
1 0 43
10 28 28
4 98 27
13 94 26
2 64 13
0 64 27
13 24 8
6 48 30
6 50 33
10 90 32
10 31 44
x
14 82 31
x
10 92 36
12 90 13
9 75 43
5 96 44
2 28 27
13 0 0
3 67 14
13 50 39
12 8 28
8 5 29
9 58 13
15 9 0
0 68 9
9 0 18
4 65 38
7 80 31
7 75 9
0 74 29
7 85 36
x
0 52 43
2 7 3
11 3 12
8 11 8
1 84 44
10 18 14
x
5 68 16
5 84 22
13 52 41
11 4 19
14 10 38
15 84 1
9 31 44
14 13 34
1 5 23
0 18 11
8 32 25
1 10 24
x
2 74 29
11 7 0
x
12 23 27
7 52 17
x
10 63 12
x
5 71 25
x
2 97 31
x
x
15 60 19
x
7 15 30
x
3 38 18
11 91 27
13 3 32
x
9 98 18
10 40 27
2 67 15
1 55 15
3 73 4
4 10 40
x
13 86 37
15 63 16
14 87 30
14 17 19
7 61 8
5 47 15
8 36 9
12 68 10
9 80 42
6 61 10
3 17 21
x
11 52 2
8 43 0
6 17 32
2 98 2
1 67 12
3 41 42
0 41 16
3 36 16
11 12 30
2 49 17
15 32 37
x
10 0 41
11 94 17
5 89 6
x
x
13 28 11
x
8 64 6
15 68 9
x
3 77 33
x
x
11 28 29
1 57 17
1 76 2
13 99 15
10 3 10
2 70 18
9 36 24
8 84 18
x
11 53 21
9 37 34
x
5 97 7
5 51 14
5 74 40
6 54 18
x
x
x
5 98 10
x
x
x
13 6 39
4 13 37
x
x
x
5 32 11
6 64 16
12 47 19
x
2 54 19
1 70 42
9 68 38
7 5 19
11 57 34
11 31 4
8 88 30
x
x
11 98 5
9 43 21
15 1 35
0 56 13
1 79 21
12 73 7
11 79 33
7 88 6
15 37 32
9 86 20
0 23 33
3 45 17
6 92 31
5 5 13
x
2 9 44
11 37 3
9 46 33
10 54 4
5 16 0
5 33 3
5 78 20
4 67 29
1 86 41
x
3 19 8
11 40 14
7 38 16
12 27 35
14 19 32
8 76 31
15 73 43
4 45 6
10 55 38
12 32 36
0 24 36
4 14 2
7 55 35
0 27 38
10 57 7
8 15 26
x
x
14 23 36
14 64 43
7 90 4
8 19 27
15 13 39
1 88 16
1 90 22
0 29 40
x
x
13 7 1
x
x
7 56 40
7 43 39
x
x
7 20 32
11 44 10
4 46 12
x
15 39 43
1 93 1
2 78 32
8 65 42
1 98 23
13 56 35
3 24 13
x
x
12 10 33
6 67 8
8 66 44
x
15 0 23
4 15 39
1 71 34
12 50 15
15 85 13
14 91 4
10 42 44
5 54 12
x
3 82 6
x
3 85 26
x
x
5 6 31
13 33 7
14 33 16
1 28 33
7 49 18
10 59 31
x
x
15 40 29
14 36 25
x
13 90 27
x
9 63 11
14 57 14
12 53 9
x
5 59 37
4 49 15
8 77 34
3 26 2
x
7 8 20
13 59 19
2 57 20
9 29 29
11 18 6
11 22 7
4 19 0
11 34 24
14 60 24
x
12 0 21
x
x
x
6 22 13
x
12 56 17
0 30 42
11 26 23
1 72 36
