100
6 0202021
6 2011202
3 4001
6 8000001
6 8000001
6 0000001
6 4000261
6 0521589
0 1
6 1081788
3 0001
2 471
0 2
6 4515757
6 9000001
2 121
1 83
3 7177
2 112
3 5752
6 0222101
6 4793869
6 7945134
3 0021
6 3080001
6 1101112
6 0000801
3 3231
1 22
6 3200091
4 22001
6 0070604
6 6039001
1 01
5 340001
4 02001
6 9000001
6 7084767
4 90912
6 0061001
6 0869061
6 2000001
2 701
4 11111
6 0000001
6 2043091
6 3000701
1 09
6 0000001
6 0006701
0 1
2 001
6 2200022
6 3596548
6 1202021
0 1
6 0203001
6 2201101
1 61
3 9081
0 1
6 3009001
1 01
6 1111111
1 01
5 556001
6 0000055
6 4901819
6 6009241
6 0022111
2 001
1 01
6 0000001
6 1500601
4 00092
5 481381
6 5208872
6 6200001
2 502
5 002001
6 1441021
6 4100051
4 96508
6 0000001
2 001
5 110011
4 20801
3 0001
5 010101
5 001301
6 1121012
0 1
6 0000001
6 3924948
6 0000001
1 11
6 9999999
0 1
1 85
6 0000604
