100
2 2 2
2 1 3
4 4 1
3 2 3
18 12 15
6 6 3
6 5 5
4 4 3
6 10 3
1 1 1
8 7 1
2 4 1
4 3 3
8 8 8
2 1 4
18 3 6
19 19 1
5 7 7
6 6 6
7 3 7
5 5 6
7 2 7
7 14 20
8 16 6
7 14 4
5 10 5
7 5 7
15 10 9
8 10 11
5 2 20
7 4 7
16 8 8
2 1 1
5 10 4
5 20 1
3 3 4
5 5 3
5 15 3
13 16 10
5 3 8
10 10 10
6 12 12
4 4 4
11 11 11
5 5 1
3 4 4
5 10 7
2 3 3
10 10 1
10 15 5
5 3 20
20 10 16
10 5 20
19 19 10
5 3 5
5 4 15
5 10 10
6 4 20
4 2 4
7 6 7
4 1 4
4 3 2
12 12 2
5 20 4
5 20 20
20 17 14
18 15 18
6 9 2
6 4 6
5 4 4
14 7 8
3 2 2
5 3 10
5 15 2
3 1 3
6 3 20
5 2 10
18 6 9
5 6 10
7 14 5
6 4 9
5 4 5
2 4 4
8 4 4
6 3 8
7 7 7
19 19 19
6 3 4
20 20 20
18 9 12
6 20 20
9 9 9
5 2 5
5 20 5
6 18 1
7 1 7
5 5 5
6 6 5
17 4 5
6 18 18
